 F
      0.00000000E+00      0.13088500E+05      0.16601080E+13      0.16601080E+13      0.13079552E+13      0.17607641E+12      0.17607641E+12
      0.16286667E+05      0.13088421E+05      0.16600810E+13      0.16600810E+13      0.13079380E+13      0.17607149E+12      0.17607149E+12
      0.32573333E+05      0.13088269E+05      0.16600295E+13      0.16600295E+13      0.13079052E+13      0.17606211E+12      0.17606211E+12
      0.48860000E+05      0.13087986E+05      0.16599337E+13      0.16599337E+13      0.13078444E+13      0.17604467E+12      0.17604467E+12
      0.65146667E+05      0.13087576E+05      0.16597947E+13      0.16597947E+13      0.13077561E+13      0.17601935E+12      0.17601935E+12
      0.81433333E+05      0.13087054E+05      0.16596178E+13      0.16596178E+13      0.13076436E+13      0.17598713E+12      0.17598713E+12
      0.97720000E+05      0.13086420E+05      0.16594029E+13      0.16594029E+13      0.13075070E+13      0.17594800E+12      0.17594800E+12
      0.11400667E+06      0.13085670E+05      0.16591486E+13      0.16591486E+13      0.13073453E+13      0.17590168E+12      0.17590168E+12
      0.13029333E+06      0.13084804E+05      0.16588548E+13      0.16588548E+13      0.13071585E+13      0.17584818E+12      0.17584818E+12
      0.14658000E+06      0.13083822E+05      0.16585220E+13      0.16585220E+13      0.13069468E+13      0.17578758E+12      0.17578758E+12
      0.16286667E+06      0.13082724E+05      0.16581501E+13      0.16581501E+13      0.13067104E+13      0.17571988E+12      0.17571988E+12
      0.17915333E+06      0.13081511E+05      0.16577392E+13      0.16577392E+13      0.13064490E+13      0.17564508E+12      0.17564508E+12
      0.19544000E+06      0.13080183E+05      0.16572892E+13      0.16572892E+13      0.13061628E+13      0.17556316E+12      0.17556316E+12
      0.21172667E+06      0.13078739E+05      0.16568001E+13      0.16568001E+13      0.13058517E+13      0.17547416E+12      0.17547416E+12
      0.22801333E+06      0.13077180E+05      0.16562720E+13      0.16562720E+13      0.13055158E+13      0.17537807E+12      0.17537807E+12
      0.24430000E+06      0.13075505E+05      0.16557049E+13      0.16557049E+13      0.13051551E+13      0.17527489E+12      0.17527489E+12
      0.26058667E+06      0.13073714E+05      0.16550989E+13      0.16550989E+13      0.13047695E+13      0.17516465E+12      0.17516465E+12
      0.27687333E+06      0.13071808E+05      0.16544539E+13      0.16544539E+13      0.13043592E+13      0.17504734E+12      0.17504734E+12
      0.29316000E+06      0.13069786E+05      0.16537700E+13      0.16537700E+13      0.13039240E+13      0.17492298E+12      0.17492298E+12
      0.30944667E+06      0.13067649E+05      0.16530472E+13      0.16530472E+13      0.13034641E+13      0.17479157E+12      0.17479157E+12
      0.32573333E+06      0.13065397E+05      0.16522856E+13      0.16522856E+13      0.13029793E+13      0.17465312E+12      0.17465312E+12
      0.34202000E+06      0.13063029E+05      0.16514852E+13      0.16514852E+13      0.13024699E+13      0.17450766E+12      0.17450766E+12
      0.35830667E+06      0.13060546E+05      0.16506460E+13      0.16506460E+13      0.13019357E+13      0.17435518E+12      0.17435518E+12
      0.37459333E+06      0.13057946E+05      0.16497682E+13      0.16497682E+13      0.13013767E+13      0.17419571E+12      0.17419571E+12
      0.39088000E+06      0.13055231E+05      0.16488516E+13      0.16488516E+13      0.13007930E+13      0.17402925E+12      0.17402925E+12
      0.40716667E+06      0.13052401E+05      0.16478963E+13      0.16478963E+13      0.13001847E+13      0.17385581E+12      0.17385581E+12
      0.42345333E+06      0.13049456E+05      0.16469025E+13      0.16469025E+13      0.12995517E+13      0.17367540E+12      0.17367540E+12
      0.43974000E+06      0.13046395E+05      0.16458700E+13      0.16458700E+13      0.12988940E+13      0.17348806E+12      0.17348806E+12
      0.45602667E+06      0.13043218E+05      0.16447991E+13      0.16447991E+13      0.12982116E+13      0.17329378E+12      0.17329378E+12
      0.47231333E+06      0.13039926E+05      0.16436898E+13      0.16436898E+13      0.12975046E+13      0.17309259E+12      0.17309259E+12
      0.48860000E+06      0.13036518E+05      0.16425421E+13      0.16425421E+13      0.12967731E+13      0.17288450E+12      0.17288450E+12
      0.50488667E+06      0.13032995E+05      0.16413560E+13      0.16413560E+13      0.12960169E+13      0.17266953E+12      0.17266953E+12
      0.52117333E+06      0.13029356E+05      0.16401316E+13      0.16401316E+13      0.12952362E+13      0.17244768E+12      0.17244768E+12
      0.53746000E+06      0.13025602E+05      0.16388690E+13      0.16388690E+13      0.12944310E+13      0.17221899E+12      0.17221899E+12
      0.55374667E+06      0.13021733E+05      0.16375682E+13      0.16375682E+13      0.12936012E+13      0.17198347E+12      0.17198347E+12
      0.57003333E+06      0.13017748E+05      0.16362293E+13      0.16362293E+13      0.12927470E+13      0.17174113E+12      0.17174113E+12
      0.58632000E+06      0.13013647E+05      0.16348523E+13      0.16348523E+13      0.12918683E+13      0.17149201E+12      0.17149201E+12
      0.60260667E+06      0.13009430E+05      0.16334374E+13      0.16334374E+13      0.12909652E+13      0.17123611E+12      0.17123611E+12
      0.61889333E+06      0.13005098E+05      0.16319846E+13      0.16319846E+13      0.12900377E+13      0.17097345E+12      0.17097345E+12
      0.63518000E+06      0.13000651E+05      0.16304939E+13      0.16304939E+13      0.12890858E+13      0.17070406E+12      0.17070406E+12
      0.65146667E+06      0.12996088E+05      0.16289654E+13      0.16289654E+13      0.12881095E+13      0.17042795E+12      0.17042795E+12
      0.66775333E+06      0.12991410E+05      0.16273992E+13      0.16273992E+13      0.12871088E+13      0.17014516E+12      0.17014516E+12
      0.68404000E+06      0.12986616E+05      0.16257954E+13      0.16257954E+13      0.12860839E+13      0.16985570E+12      0.16985570E+12
      0.70032667E+06      0.12981707E+05      0.16241540E+13      0.16241540E+13      0.12850347E+13      0.16955959E+12      0.16955959E+12
      0.71661333E+06      0.12976682E+05      0.16224751E+13      0.16224751E+13      0.12839613E+13      0.16925687E+12      0.16925687E+12
      0.73290000E+06      0.12971541E+05      0.16207588E+13      0.16207588E+13      0.12828637E+13      0.16894755E+12      0.16894755E+12
      0.74918667E+06      0.12966285E+05      0.16190052E+13      0.16190052E+13      0.12817420E+13      0.16863165E+12      0.16863165E+12
      0.76547333E+06      0.12960914E+05      0.16172144E+13      0.16172144E+13      0.12805961E+13      0.16830920E+12      0.16830920E+12
      0.78176000E+06      0.12955427E+05      0.16153864E+13      0.16153864E+13      0.12794260E+13      0.16798023E+12      0.16798023E+12
      0.79804667E+06      0.12949824E+05      0.16135214E+13      0.16135214E+13      0.12782319E+13      0.16764477E+12      0.16764477E+12
      0.81433333E+06      0.12944106E+05      0.16116194E+13      0.16116194E+13      0.12770137E+13      0.16730283E+12      0.16730283E+12
      0.83062000E+06      0.12938272E+05      0.16096804E+13      0.16096804E+13      0.12757715E+13      0.16695446E+12      0.16695446E+12
      0.84690667E+06      0.12932323E+05      0.16077047E+13      0.16077047E+13      0.12745054E+13      0.16659966E+12      0.16659966E+12
      0.86319333E+06      0.12926259E+05      0.16056923E+13      0.16056923E+13      0.12732154E+13      0.16623848E+12      0.16623848E+12
      0.87948000E+06      0.12920079E+05      0.16036433E+13      0.16036433E+13      0.12719014E+13      0.16587094E+12      0.16587094E+12
      0.89576667E+06      0.12913784E+05      0.16015578E+13      0.16015578E+13      0.12705636E+13      0.16549707E+12      0.16549707E+12
      0.91205333E+06      0.12907373E+05      0.15994358E+13      0.15994358E+13      0.12692020E+13      0.16511690E+12      0.16511690E+12
      0.92834000E+06      0.12900846E+05      0.15972776E+13      0.15972776E+13      0.12678166E+13      0.16473046E+12      0.16473046E+12
      0.94462667E+06      0.12894204E+05      0.15950831E+13      0.15950831E+13      0.12664075E+13      0.16433778E+12      0.16433778E+12
      0.96091333E+06      0.12887446E+05      0.15928525E+13      0.15928525E+13      0.12649747E+13      0.16393889E+12      0.16393889E+12
      0.97720000E+06      0.12880573E+05      0.15905858E+13      0.15905858E+13      0.12635182E+13      0.16353383E+12      0.16353383E+12
      0.99348667E+06      0.12873585E+05      0.15882833E+13      0.15882833E+13      0.12620381E+13      0.16312262E+12      0.16312262E+12
      0.10097733E+07      0.12866480E+05      0.15859451E+13      0.15859451E+13      0.12605345E+13      0.16270530E+12      0.16270530E+12
      0.10260600E+07      0.12859260E+05      0.15835711E+13      0.15835711E+13      0.12590074E+13      0.16228190E+12      0.16228190E+12
      0.10423467E+07      0.12851925E+05      0.15811616E+13      0.15811616E+13      0.12574567E+13      0.16185246E+12      0.16185246E+12
      0.10586333E+07      0.12844474E+05      0.15787166E+13      0.15787166E+13      0.12558826E+13      0.16141700E+12      0.16141700E+12
      0.10749200E+07      0.12836908E+05      0.15762363E+13      0.15762363E+13      0.12542851E+13      0.16097557E+12      0.16097557E+12
      0.10912067E+07      0.12829227E+05      0.15737208E+13      0.15737208E+13      0.12526644E+13      0.16052820E+12      0.16052820E+12
      0.11074933E+07      0.12821430E+05      0.15711703E+13      0.15711703E+13      0.12510204E+13      0.16007494E+12      0.16007494E+12
      0.11237800E+07      0.12813517E+05      0.15685845E+13      0.15685845E+13      0.12493530E+13      0.15961577E+12      0.15961577E+12
      0.11400667E+07      0.12805487E+05      0.15659636E+13      0.15659636E+13      0.12476622E+13      0.15915071E+12      0.15915071E+12
      0.11563533E+07      0.12797345E+05      0.15633090E+13      0.15633090E+13      0.12459489E+13      0.15868003E+12      0.15868003E+12
      0.11726400E+07      0.12789091E+05      0.15606209E+13      0.15606209E+13      0.12442133E+13      0.15820377E+12      0.15820377E+12
      0.11889267E+07      0.12780710E+05      0.15578947E+13      0.15578947E+13      0.12424522E+13      0.15772121E+12      0.15772121E+12
      0.12052133E+07      0.12772198E+05      0.15551297E+13      0.15551297E+13      0.12406652E+13      0.15723223E+12      0.15723223E+12
      0.12215000E+07      0.12763614E+05      0.15523433E+13      0.15523433E+13      0.12388639E+13      0.15673971E+12      0.15673971E+12
      0.12215000E+07      0.12166332E+05      0.13047278E+13      0.13047278E+13      0.13047278E+13      0.00000000E+00      0.00000000E+00
      0.12376321E+07      0.12157991E+05      0.13014748E+13      0.13014748E+13      0.13014748E+13      0.00000000E+00      0.00000000E+00
      0.12537643E+07      0.12149595E+05      0.12982130E+13      0.12982130E+13      0.12982130E+13      0.00000000E+00      0.00000000E+00
      0.12698964E+07      0.12141099E+05      0.12949350E+13      0.12949350E+13      0.12949350E+13      0.00000000E+00      0.00000000E+00
      0.12860286E+07      0.12132504E+05      0.12916409E+13      0.12916409E+13      0.12916409E+13      0.00000000E+00      0.00000000E+00
      0.13021607E+07      0.12123823E+05      0.12883324E+13      0.12883324E+13      0.12883324E+13      0.00000000E+00      0.00000000E+00
      0.13182929E+07      0.12115054E+05      0.12850090E+13      0.12850090E+13      0.12850090E+13      0.00000000E+00      0.00000000E+00
      0.13344250E+07      0.12106194E+05      0.12816701E+13      0.12816701E+13      0.12816701E+13      0.00000000E+00      0.00000000E+00
      0.13505571E+07      0.12097242E+05      0.12783152E+13      0.12783152E+13      0.12783152E+13      0.00000000E+00      0.00000000E+00
      0.13666893E+07      0.12088198E+05      0.12749443E+13      0.12749443E+13      0.12749443E+13      0.00000000E+00      0.00000000E+00
      0.13828214E+07      0.12079062E+05      0.12715572E+13      0.12715572E+13      0.12715572E+13      0.00000000E+00      0.00000000E+00
      0.13989536E+07      0.12069833E+05      0.12681534E+13      0.12681534E+13      0.12681534E+13      0.00000000E+00      0.00000000E+00
      0.14150857E+07      0.12060511E+05      0.12647327E+13      0.12647327E+13      0.12647327E+13      0.00000000E+00      0.00000000E+00
      0.14312179E+07      0.12051095E+05      0.12612950E+13      0.12612950E+13      0.12612950E+13      0.00000000E+00      0.00000000E+00
      0.14473500E+07      0.12041584E+05      0.12578399E+13      0.12578399E+13      0.12578399E+13      0.00000000E+00      0.00000000E+00
      0.14634821E+07      0.12031979E+05      0.12543671E+13      0.12543671E+13      0.12543671E+13      0.00000000E+00      0.00000000E+00
      0.14796143E+07      0.12022277E+05      0.12508765E+13      0.12508765E+13      0.12508765E+13      0.00000000E+00      0.00000000E+00
      0.14957464E+07      0.12012480E+05      0.12473677E+13      0.12473677E+13      0.12473677E+13      0.00000000E+00      0.00000000E+00
      0.15118786E+07      0.12002586E+05      0.12438406E+13      0.12438406E+13      0.12438406E+13      0.00000000E+00      0.00000000E+00
      0.15280107E+07      0.11992595E+05      0.12402948E+13      0.12402948E+13      0.12402948E+13      0.00000000E+00      0.00000000E+00
      0.15441429E+07      0.11982506E+05      0.12367301E+13      0.12367301E+13      0.12367301E+13      0.00000000E+00      0.00000000E+00
      0.15602750E+07      0.11972318E+05      0.12331463E+13      0.12331463E+13      0.12331463E+13      0.00000000E+00      0.00000000E+00
      0.15764071E+07      0.11962032E+05      0.12295433E+13      0.12295433E+13      0.12295433E+13      0.00000000E+00      0.00000000E+00
      0.15925393E+07      0.11951647E+05      0.12259207E+13      0.12259207E+13      0.12259207E+13      0.00000000E+00      0.00000000E+00
      0.16086714E+07      0.11941162E+05      0.12222782E+13      0.12222782E+13      0.12222782E+13      0.00000000E+00      0.00000000E+00
      0.16248036E+07      0.11930577E+05      0.12186158E+13      0.12186158E+13      0.12186158E+13      0.00000000E+00      0.00000000E+00
      0.16409357E+07      0.11919890E+05      0.12149332E+13      0.12149332E+13      0.12149332E+13      0.00000000E+00      0.00000000E+00
      0.16570679E+07      0.11909102E+05      0.12112301E+13      0.12112301E+13      0.12112301E+13      0.00000000E+00      0.00000000E+00
      0.16732000E+07      0.11898212E+05      0.12075063E+13      0.12075063E+13      0.12075063E+13      0.00000000E+00      0.00000000E+00
      0.16893321E+07      0.11887220E+05      0.12037617E+13      0.12037617E+13      0.12037617E+13      0.00000000E+00      0.00000000E+00
      0.17054643E+07      0.11876124E+05      0.11999961E+13      0.11999961E+13      0.11999961E+13      0.00000000E+00      0.00000000E+00
      0.17215964E+07      0.11864924E+05      0.11962093E+13      0.11962093E+13      0.11962093E+13      0.00000000E+00      0.00000000E+00
      0.17377286E+07      0.11853621E+05      0.11924010E+13      0.11924010E+13      0.11924010E+13      0.00000000E+00      0.00000000E+00
      0.17538607E+07      0.11842213E+05      0.11885711E+13      0.11885711E+13      0.11885711E+13      0.00000000E+00      0.00000000E+00
      0.17699929E+07      0.11830699E+05      0.11847194E+13      0.11847194E+13      0.11847194E+13      0.00000000E+00      0.00000000E+00
      0.17861250E+07      0.11819080E+05      0.11808457E+13      0.11808457E+13      0.11808457E+13      0.00000000E+00      0.00000000E+00
      0.18022571E+07      0.11807354E+05      0.11769499E+13      0.11769499E+13      0.11769499E+13      0.00000000E+00      0.00000000E+00
      0.18183893E+07      0.11795522E+05      0.11730317E+13      0.11730317E+13      0.11730317E+13      0.00000000E+00      0.00000000E+00
      0.18345214E+07      0.11783582E+05      0.11690910E+13      0.11690910E+13      0.11690910E+13      0.00000000E+00      0.00000000E+00
      0.18506536E+07      0.11771534E+05      0.11651276E+13      0.11651276E+13      0.11651276E+13      0.00000000E+00      0.00000000E+00
      0.18667857E+07      0.11759378E+05      0.11611415E+13      0.11611415E+13      0.11611415E+13      0.00000000E+00      0.00000000E+00
      0.18829179E+07      0.11747113E+05      0.11571323E+13      0.11571323E+13      0.11571323E+13      0.00000000E+00      0.00000000E+00
      0.18990500E+07      0.11734738E+05      0.11531000E+13      0.11531000E+13      0.11531000E+13      0.00000000E+00      0.00000000E+00
      0.19151821E+07      0.11722252E+05      0.11490445E+13      0.11490445E+13      0.11490445E+13      0.00000000E+00      0.00000000E+00
      0.19313143E+07      0.11709657E+05      0.11449655E+13      0.11449655E+13      0.11449655E+13      0.00000000E+00      0.00000000E+00
      0.19474464E+07      0.11696950E+05      0.11408631E+13      0.11408631E+13      0.11408631E+13      0.00000000E+00      0.00000000E+00
      0.19635786E+07      0.11684132E+05      0.11367369E+13      0.11367369E+13      0.11367369E+13      0.00000000E+00      0.00000000E+00
      0.19797107E+07      0.11671201E+05      0.11325869E+13      0.11325869E+13      0.11325869E+13      0.00000000E+00      0.00000000E+00
      0.19958429E+07      0.11658158E+05      0.11284130E+13      0.11284130E+13      0.11284130E+13      0.00000000E+00      0.00000000E+00
      0.20119750E+07      0.11645001E+05      0.11242150E+13      0.11242150E+13      0.11242150E+13      0.00000000E+00      0.00000000E+00
      0.20281071E+07      0.11631730E+05      0.11199930E+13      0.11199930E+13      0.11199930E+13      0.00000000E+00      0.00000000E+00
      0.20442393E+07      0.11618345E+05      0.11157467E+13      0.11157467E+13      0.11157467E+13      0.00000000E+00      0.00000000E+00
      0.20603714E+07      0.11604844E+05      0.11114760E+13      0.11114760E+13      0.11114760E+13      0.00000000E+00      0.00000000E+00
      0.20765036E+07      0.11591229E+05      0.11071809E+13      0.11071809E+13      0.11071809E+13      0.00000000E+00      0.00000000E+00
      0.20926357E+07      0.11577497E+05      0.11028612E+13      0.11028612E+13      0.11028612E+13      0.00000000E+00      0.00000000E+00
      0.21087679E+07      0.11563649E+05      0.10985169E+13      0.10985169E+13      0.10985169E+13      0.00000000E+00      0.00000000E+00
      0.21249000E+07      0.11549683E+05      0.10941479E+13      0.10941479E+13      0.10941479E+13      0.00000000E+00      0.00000000E+00
      0.21410321E+07      0.11535601E+05      0.10897541E+13      0.10897541E+13      0.10897541E+13      0.00000000E+00      0.00000000E+00
      0.21571643E+07      0.11521400E+05      0.10853355E+13      0.10853355E+13      0.10853355E+13      0.00000000E+00      0.00000000E+00
      0.21732964E+07      0.11507080E+05      0.10808919E+13      0.10808919E+13      0.10808919E+13      0.00000000E+00      0.00000000E+00
      0.21894286E+07      0.11492641E+05      0.10764234E+13      0.10764234E+13      0.10764234E+13      0.00000000E+00      0.00000000E+00
      0.22055607E+07      0.11478082E+05      0.10719299E+13      0.10719299E+13      0.10719299E+13      0.00000000E+00      0.00000000E+00
      0.22216929E+07      0.11463403E+05      0.10674112E+13      0.10674112E+13      0.10674112E+13      0.00000000E+00      0.00000000E+00
      0.22378250E+07      0.11448603E+05      0.10628675E+13      0.10628675E+13      0.10628675E+13      0.00000000E+00      0.00000000E+00
      0.22539571E+07      0.11433681E+05      0.10582986E+13      0.10582986E+13      0.10582986E+13      0.00000000E+00      0.00000000E+00
      0.22700893E+07      0.11418638E+05      0.10537046E+13      0.10537046E+13      0.10537046E+13      0.00000000E+00      0.00000000E+00
      0.22862214E+07      0.11403472E+05      0.10490853E+13      0.10490853E+13      0.10490853E+13      0.00000000E+00      0.00000000E+00
      0.23023536E+07      0.11388183E+05      0.10444407E+13      0.10444407E+13      0.10444407E+13      0.00000000E+00      0.00000000E+00
      0.23184857E+07      0.11372770E+05      0.10397710E+13      0.10397710E+13      0.10397710E+13      0.00000000E+00      0.00000000E+00
      0.23346179E+07      0.11357234E+05      0.10350760E+13      0.10350760E+13      0.10350760E+13      0.00000000E+00      0.00000000E+00
      0.23507500E+07      0.11341572E+05      0.10303557E+13      0.10303557E+13      0.10303557E+13      0.00000000E+00      0.00000000E+00
      0.23668821E+07      0.11325786E+05      0.10256101E+13      0.10256101E+13      0.10256101E+13      0.00000000E+00      0.00000000E+00
      0.23830143E+07      0.11309873E+05      0.10208394E+13      0.10208394E+13      0.10208394E+13      0.00000000E+00      0.00000000E+00
      0.23991464E+07      0.11293835E+05      0.10160434E+13      0.10160434E+13      0.10160434E+13      0.00000000E+00      0.00000000E+00
      0.24152786E+07      0.11277670E+05      0.10112222E+13      0.10112222E+13      0.10112222E+13      0.00000000E+00      0.00000000E+00
      0.24314107E+07      0.11261378E+05      0.10063758E+13      0.10063758E+13      0.10063758E+13      0.00000000E+00      0.00000000E+00
      0.24475429E+07      0.11244957E+05      0.10015043E+13      0.10015043E+13      0.10015043E+13      0.00000000E+00      0.00000000E+00
      0.24636750E+07      0.11228408E+05      0.99660769E+12      0.99660769E+12      0.99660769E+12      0.00000000E+00      0.00000000E+00
      0.24798071E+07      0.11211731E+05      0.99168603E+12      0.99168603E+12      0.99168603E+12      0.00000000E+00      0.00000000E+00
      0.24959393E+07      0.11194924E+05      0.98673935E+12      0.98673935E+12      0.98673935E+12      0.00000000E+00      0.00000000E+00
      0.25120714E+07      0.11177986E+05      0.98176775E+12      0.98176775E+12      0.98176775E+12      0.00000000E+00      0.00000000E+00
      0.25282036E+07      0.11160918E+05      0.97677127E+12      0.97677127E+12      0.97677127E+12      0.00000000E+00      0.00000000E+00
      0.25443357E+07      0.11143719E+05      0.97174997E+12      0.97174997E+12      0.97174997E+12      0.00000000E+00      0.00000000E+00
      0.25604679E+07      0.11126389E+05      0.96670394E+12      0.96670394E+12      0.96670394E+12      0.00000000E+00      0.00000000E+00
      0.25766000E+07      0.11108926E+05      0.96163328E+12      0.96163328E+12      0.96163328E+12      0.00000000E+00      0.00000000E+00
      0.25927321E+07      0.11091331E+05      0.95653808E+12      0.95653808E+12      0.95653808E+12      0.00000000E+00      0.00000000E+00
      0.26088643E+07      0.11073602E+05      0.95141843E+12      0.95141843E+12      0.95141843E+12      0.00000000E+00      0.00000000E+00
      0.26249964E+07      0.11055740E+05      0.94627443E+12      0.94627443E+12      0.94627443E+12      0.00000000E+00      0.00000000E+00
      0.26411286E+07      0.11037742E+05      0.94110620E+12      0.94110620E+12      0.94110620E+12      0.00000000E+00      0.00000000E+00
      0.26572607E+07      0.11019611E+05      0.93591385E+12      0.93591385E+12      0.93591385E+12      0.00000000E+00      0.00000000E+00
      0.26733929E+07      0.11001344E+05      0.93069752E+12      0.93069752E+12      0.93069752E+12      0.00000000E+00      0.00000000E+00
      0.26895250E+07      0.10982941E+05      0.92545732E+12      0.92545732E+12      0.92545732E+12      0.00000000E+00      0.00000000E+00
      0.27056571E+07      0.10964401E+05      0.92019341E+12      0.92019341E+12      0.92019341E+12      0.00000000E+00      0.00000000E+00
      0.27217893E+07      0.10945724E+05      0.91490592E+12      0.91490592E+12      0.91490592E+12      0.00000000E+00      0.00000000E+00
      0.27379214E+07      0.10926910E+05      0.90959501E+12      0.90959501E+12      0.90959501E+12      0.00000000E+00      0.00000000E+00
      0.27540536E+07      0.10907958E+05      0.90426083E+12      0.90426083E+12      0.90426083E+12      0.00000000E+00      0.00000000E+00
      0.27701857E+07      0.10888867E+05      0.89890355E+12      0.89890355E+12      0.89890355E+12      0.00000000E+00      0.00000000E+00
      0.27863179E+07      0.10869637E+05      0.89352334E+12      0.89352334E+12      0.89352334E+12      0.00000000E+00      0.00000000E+00
      0.28024500E+07      0.10850267E+05      0.88812039E+12      0.88812039E+12      0.88812039E+12      0.00000000E+00      0.00000000E+00
      0.28185821E+07      0.10830757E+05      0.88269489E+12      0.88269489E+12      0.88269489E+12      0.00000000E+00      0.00000000E+00
      0.28347143E+07      0.10811106E+05      0.87724703E+12      0.87724703E+12      0.87724703E+12      0.00000000E+00      0.00000000E+00
      0.28508464E+07      0.10791314E+05      0.87177702E+12      0.87177702E+12      0.87177702E+12      0.00000000E+00      0.00000000E+00
      0.28669786E+07      0.10771380E+05      0.86628506E+12      0.86628506E+12      0.86628506E+12      0.00000000E+00      0.00000000E+00
      0.28831107E+07      0.10751303E+05      0.86077135E+12      0.86077135E+12      0.86077135E+12      0.00000000E+00      0.00000000E+00
      0.28992429E+07      0.10731084E+05      0.85523613E+12      0.85523613E+12      0.85523613E+12      0.00000000E+00      0.00000000E+00
      0.29153750E+07      0.10710721E+05      0.84967963E+12      0.84967963E+12      0.84967963E+12      0.00000000E+00      0.00000000E+00
      0.29315071E+07      0.10690214E+05      0.84410209E+12      0.84410209E+12      0.84410209E+12      0.00000000E+00      0.00000000E+00
      0.29476393E+07      0.10669563E+05      0.83850376E+12      0.83850376E+12      0.83850376E+12      0.00000000E+00      0.00000000E+00
      0.29637714E+07      0.10648766E+05      0.83288486E+12      0.83288486E+12      0.83288486E+12      0.00000000E+00      0.00000000E+00
      0.29799036E+07      0.10627824E+05      0.82724566E+12      0.82724566E+12      0.82724566E+12      0.00000000E+00      0.00000000E+00
      0.29960357E+07      0.10606735E+05      0.82158645E+12      0.82158645E+12      0.82158645E+12      0.00000000E+00      0.00000000E+00
      0.30121679E+07      0.10585501E+05      0.81590750E+12      0.81590750E+12      0.81590750E+12      0.00000000E+00      0.00000000E+00
      0.30283000E+07      0.10564118E+05      0.81020909E+12      0.81020909E+12      0.81020909E+12      0.00000000E+00      0.00000000E+00
      0.30444321E+07      0.10542588E+05      0.80449150E+12      0.80449150E+12      0.80449150E+12      0.00000000E+00      0.00000000E+00
      0.30605643E+07      0.10520909E+05      0.79875503E+12      0.79875503E+12      0.79875503E+12      0.00000000E+00      0.00000000E+00
      0.30766964E+07      0.10499082E+05      0.79299999E+12      0.79299999E+12      0.79299999E+12      0.00000000E+00      0.00000000E+00
      0.30928286E+07      0.10477105E+05      0.78722668E+12      0.78722668E+12      0.78722668E+12      0.00000000E+00      0.00000000E+00
      0.31089607E+07      0.10454978E+05      0.78143542E+12      0.78143542E+12      0.78143542E+12      0.00000000E+00      0.00000000E+00
      0.31250929E+07      0.10432701E+05      0.77562654E+12      0.77562654E+12      0.77562654E+12      0.00000000E+00      0.00000000E+00
      0.31412250E+07      0.10410272E+05      0.76980037E+12      0.76980037E+12      0.76980037E+12      0.00000000E+00      0.00000000E+00
      0.31573571E+07      0.10387693E+05      0.76395725E+12      0.76395725E+12      0.76395725E+12      0.00000000E+00      0.00000000E+00
      0.31734893E+07      0.10364961E+05      0.75809752E+12      0.75809752E+12      0.75809752E+12      0.00000000E+00      0.00000000E+00
      0.31896214E+07      0.10342076E+05      0.75222156E+12      0.75222156E+12      0.75222156E+12      0.00000000E+00      0.00000000E+00
      0.32057536E+07      0.10319039E+05      0.74632973E+12      0.74632973E+12      0.74632973E+12      0.00000000E+00      0.00000000E+00
      0.32218857E+07      0.10295848E+05      0.74042239E+12      0.74042239E+12      0.74042239E+12      0.00000000E+00      0.00000000E+00
      0.32380179E+07      0.10272502E+05      0.73449992E+12      0.73449992E+12      0.73449992E+12      0.00000000E+00      0.00000000E+00
      0.32541500E+07      0.10249001E+05      0.72856271E+12      0.72856271E+12      0.72856271E+12      0.00000000E+00      0.00000000E+00
      0.32702821E+07      0.10225345E+05      0.72261115E+12      0.72261115E+12      0.72261115E+12      0.00000000E+00      0.00000000E+00
      0.32864143E+07      0.10201534E+05      0.71664564E+12      0.71664564E+12      0.71664564E+12      0.00000000E+00      0.00000000E+00
      0.33025464E+07      0.10177565E+05      0.71066658E+12      0.71066658E+12      0.71066658E+12      0.00000000E+00      0.00000000E+00
      0.33186786E+07      0.10153440E+05      0.70467441E+12      0.70467441E+12      0.70467441E+12      0.00000000E+00      0.00000000E+00
      0.33348107E+07      0.10129157E+05      0.69866953E+12      0.69866953E+12      0.69866953E+12      0.00000000E+00      0.00000000E+00
      0.33509429E+07      0.10104717E+05      0.69265240E+12      0.69265240E+12      0.69265240E+12      0.00000000E+00      0.00000000E+00
      0.33670750E+07      0.10080119E+05      0.68662343E+12      0.68662343E+12      0.68662343E+12      0.00000000E+00      0.00000000E+00
      0.33832071E+07      0.10055360E+05      0.68058301E+12      0.68058301E+12      0.68058301E+12      0.00000000E+00      0.00000000E+00
      0.33993393E+07      0.10030440E+05      0.67453161E+12      0.67453161E+12      0.67453161E+12      0.00000000E+00      0.00000000E+00
      0.34154714E+07      0.10005364E+05      0.66846997E+12      0.66846997E+12      0.66846997E+12      0.00000000E+00      0.00000000E+00
      0.34316036E+07      0.99801332E+04      0.66239860E+12      0.66239860E+12      0.66239860E+12      0.00000000E+00      0.00000000E+00
      0.34477357E+07      0.99547237E+04      0.65631684E+12      0.65631684E+12      0.65631684E+12      0.00000000E+00      0.00000000E+00
      0.34638679E+07      0.99291316E+04      0.65022499E+12      0.65022499E+12      0.65022499E+12      0.00000000E+00      0.00000000E+00
      0.34800000E+07      0.99034384E+04      0.64412762E+12      0.64412762E+12      0.64412762E+12      0.00000000E+00      0.00000000E+00
      0.34800000E+07      0.55664554E+04      0.10473048E+13      0.10473048E+13      0.45976378E+12      0.29377051E+12      0.29377051E+12
      0.34987500E+07      0.55570619E+04      0.10448386E+13      0.10448386E+13      0.45825853E+12      0.29329005E+12      0.29329005E+12
      0.35175000E+07      0.55476718E+04      0.10423758E+13      0.10423758E+13      0.45675689E+12      0.29280945E+12      0.29280945E+12
      0.35362500E+07      0.55382884E+04      0.10399196E+13      0.10399196E+13      0.45526245E+12      0.29232858E+12      0.29232858E+12
      0.35550000E+07      0.55289134E+04      0.10374720E+13      0.10374720E+13      0.45377736E+12      0.29184735E+12      0.29184735E+12
      0.35737500E+07      0.55195462E+04      0.10350329E+13      0.10350329E+13      0.45230150E+12      0.29136572E+12      0.29136572E+12
      0.35925000E+07      0.55101856E+04      0.10326018E+13      0.10326018E+13      0.45083443E+12      0.29088369E+12      0.29088369E+12
      0.36112500E+07      0.55008299E+04      0.10301766E+13      0.10301766E+13      0.44937396E+12      0.29040136E+12      0.29040136E+12
      0.36300000E+07      0.54914766E+04      0.10277545E+13      0.10277545E+13      0.44791680E+12      0.28991886E+12      0.28991886E+12
      0.36300000E+07      0.54914766E+04      0.10277519E+13      0.10277519E+13      0.44792148E+12      0.28991520E+12      0.28991520E+12
      0.36461475E+07      0.54834273E+04      0.10233120E+13      0.10233120E+13      0.44550879E+12      0.28890158E+12      0.28890158E+12
      0.36622951E+07      0.54753799E+04      0.10188871E+13      0.10188871E+13      0.44310614E+12      0.28789045E+12      0.28789045E+12
      0.36784426E+07      0.54673357E+04      0.10144892E+13      0.10144892E+13      0.44072160E+12      0.28688381E+12      0.28688381E+12
      0.36945902E+07      0.54592943E+04      0.10101174E+13      0.10101174E+13      0.43835444E+12      0.28588145E+12      0.28588145E+12
      0.37107377E+07      0.54512550E+04      0.10057674E+13      0.10057674E+13      0.43600201E+12      0.28488271E+12      0.28488271E+12
      0.37268852E+07      0.54432174E+04      0.10014389E+13      0.10014389E+13      0.43366398E+12      0.28388749E+12      0.28388749E+12
      0.37430328E+07      0.54351814E+04      0.99713233E+12      0.99713233E+12      0.43134067E+12      0.28289583E+12      0.28289583E+12
      0.37591803E+07      0.54271467E+04      0.99284706E+12      0.99284706E+12      0.42903173E+12      0.28190767E+12      0.28190767E+12
      0.37753279E+07      0.54191130E+04      0.98858236E+12      0.98858236E+12      0.42673666E+12      0.28092285E+12      0.28092285E+12
      0.37914754E+07      0.54110799E+04      0.98433767E+12      0.98433767E+12      0.42445512E+12      0.27994128E+12      0.27994128E+12
      0.38076230E+07      0.54030472E+04      0.98011254E+12      0.98011254E+12      0.42218682E+12      0.27896286E+12      0.27896286E+12
      0.38237705E+07      0.53950146E+04      0.97590646E+12      0.97590646E+12      0.41993146E+12      0.27798750E+12      0.27798750E+12
      0.38399180E+07      0.53869816E+04      0.97171891E+12      0.97171891E+12      0.41768869E+12      0.27701511E+12      0.27701511E+12
      0.38560656E+07      0.53789482E+04      0.96754940E+12      0.96754940E+12      0.41545820E+12      0.27604559E+12      0.27604559E+12
      0.38722131E+07      0.53709139E+04      0.96339742E+12      0.96339742E+12      0.41323968E+12      0.27507886E+12      0.27507886E+12
      0.38883607E+07      0.53628785E+04      0.95926249E+12      0.95926249E+12      0.41103283E+12      0.27411483E+12      0.27411483E+12
      0.39045082E+07      0.53548417E+04      0.95514410E+12      0.95514410E+12      0.40883733E+12      0.27315339E+12      0.27315339E+12
      0.39206557E+07      0.53468031E+04      0.95104178E+12      0.95104178E+12      0.40665287E+12      0.27219445E+12      0.27219445E+12
      0.39368033E+07      0.53387624E+04      0.94695504E+12      0.94695504E+12      0.40447916E+12      0.27123794E+12      0.27123794E+12
      0.39529508E+07      0.53307194E+04      0.94288343E+12      0.94288343E+12      0.40231591E+12      0.27028376E+12      0.27028376E+12
      0.39690984E+07      0.53226738E+04      0.93882649E+12      0.93882649E+12      0.40016282E+12      0.26933183E+12      0.26933183E+12
      0.39852459E+07      0.53146253E+04      0.93478373E+12      0.93478373E+12      0.39801961E+12      0.26838206E+12      0.26838206E+12
      0.40013934E+07      0.53065734E+04      0.93075470E+12      0.93075470E+12      0.39588598E+12      0.26743436E+12      0.26743436E+12
      0.40175410E+07      0.52985180E+04      0.92673893E+12      0.92673893E+12      0.39376165E+12      0.26648864E+12      0.26648864E+12
      0.40336885E+07      0.52904588E+04      0.92273599E+12      0.92273599E+12      0.39164635E+12      0.26554482E+12      0.26554482E+12
      0.40498361E+07      0.52823954E+04      0.91874544E+12      0.91874544E+12      0.38953979E+12      0.26460282E+12      0.26460282E+12
      0.40659836E+07      0.52743275E+04      0.91476685E+12      0.91476685E+12      0.38744172E+12      0.26366256E+12      0.26366256E+12
      0.40821311E+07      0.52662549E+04      0.91079979E+12      0.91079979E+12      0.38535186E+12      0.26272396E+12      0.26272396E+12
      0.40982787E+07      0.52581773E+04      0.90684380E+12      0.90684380E+12      0.38326993E+12      0.26178693E+12      0.26178693E+12
      0.41144262E+07      0.52500943E+04      0.90289847E+12      0.90289847E+12      0.38119568E+12      0.26085139E+12      0.26085139E+12
      0.41305738E+07      0.52420056E+04      0.89896338E+12      0.89896338E+12      0.37912884E+12      0.25991727E+12      0.25991727E+12
      0.41467213E+07      0.52339110E+04      0.89503813E+12      0.89503813E+12      0.37706917E+12      0.25898448E+12      0.25898448E+12
      0.41628689E+07      0.52258101E+04      0.89112230E+12      0.89112230E+12      0.37501640E+12      0.25805295E+12      0.25805295E+12
      0.41790164E+07      0.52177027E+04      0.88721550E+12      0.88721550E+12      0.37297030E+12      0.25712260E+12      0.25712260E+12
      0.41951639E+07      0.52095884E+04      0.88331730E+12      0.88331730E+12      0.37093059E+12      0.25619335E+12      0.25619335E+12
      0.42113115E+07      0.52014669E+04      0.87942732E+12      0.87942732E+12      0.36889705E+12      0.25526513E+12      0.25526513E+12
      0.42274590E+07      0.51933379E+04      0.87554518E+12      0.87554518E+12      0.36686944E+12      0.25433786E+12      0.25433786E+12
      0.42436066E+07      0.51852012E+04      0.87167048E+12      0.87167048E+12      0.36484751E+12      0.25341148E+12      0.25341148E+12
      0.42597541E+07      0.51770565E+04      0.86780285E+12      0.86780285E+12      0.36283104E+12      0.25248591E+12      0.25248591E+12
      0.42759016E+07      0.51689034E+04      0.86394192E+12      0.86394192E+12      0.36081979E+12      0.25156107E+12      0.25156107E+12
      0.42920492E+07      0.51607416E+04      0.86008730E+12      0.86008730E+12      0.35881353E+12      0.25063689E+12      0.25063689E+12
      0.43081967E+07      0.51525708E+04      0.85623863E+12      0.85623863E+12      0.35681203E+12      0.24971330E+12      0.24971330E+12
      0.43243443E+07      0.51443908E+04      0.85239554E+12      0.85239554E+12      0.35481507E+12      0.24879023E+12      0.24879023E+12
      0.43404918E+07      0.51362012E+04      0.84855768E+12      0.84855768E+12      0.35282243E+12      0.24786762E+12      0.24786762E+12
      0.43566393E+07      0.51280018E+04      0.84472472E+12      0.84472472E+12      0.35083391E+12      0.24694540E+12      0.24694540E+12
      0.43727869E+07      0.51197921E+04      0.84089628E+12      0.84089628E+12      0.34884929E+12      0.24602349E+12      0.24602349E+12
      0.43889344E+07      0.51115720E+04      0.83707204E+12      0.83707204E+12      0.34686835E+12      0.24510184E+12      0.24510184E+12
      0.44050820E+07      0.51033412E+04      0.83325164E+12      0.83325164E+12      0.34489089E+12      0.24418037E+12      0.24418037E+12
      0.44212295E+07      0.50950992E+04      0.82943475E+12      0.82943475E+12      0.34291670E+12      0.24325903E+12      0.24325903E+12
      0.44373770E+07      0.50868459E+04      0.82562105E+12      0.82562105E+12      0.34094559E+12      0.24233774E+12      0.24233774E+12
      0.44535246E+07      0.50785809E+04      0.82181022E+12      0.82181022E+12      0.33897735E+12      0.24141643E+12      0.24141643E+12
      0.44696721E+07      0.50703039E+04      0.81800194E+12      0.81800194E+12      0.33701180E+12      0.24049507E+12      0.24049507E+12
      0.44858197E+07      0.50620147E+04      0.81419588E+12      0.81419588E+12      0.33504874E+12      0.23957357E+12      0.23957357E+12
      0.45019672E+07      0.50537129E+04      0.81039174E+12      0.81039174E+12      0.33308798E+12      0.23865188E+12      0.23865188E+12
      0.45181148E+07      0.50453981E+04      0.80658920E+12      0.80658920E+12      0.33112934E+12      0.23772993E+12      0.23772993E+12
      0.45342623E+07      0.50370702E+04      0.80278797E+12      0.80278797E+12      0.32917263E+12      0.23680767E+12      0.23680767E+12
      0.45504098E+07      0.50287288E+04      0.79898777E+12      0.79898777E+12      0.32721768E+12      0.23588505E+12      0.23588505E+12
      0.45665574E+07      0.50203736E+04      0.79518830E+12      0.79518830E+12      0.32526431E+12      0.23496200E+12      0.23496200E+12
      0.45827049E+07      0.50120044E+04      0.79138928E+12      0.79138928E+12      0.32331236E+12      0.23403846E+12      0.23403846E+12
      0.45988525E+07      0.50036208E+04      0.78759040E+12      0.78759040E+12      0.32136164E+12      0.23311438E+12      0.23311438E+12
      0.46150000E+07      0.49952225E+04      0.78379139E+12      0.78379139E+12      0.31941199E+12      0.23218970E+12      0.23218970E+12
      0.46311475E+07      0.49868092E+04      0.77999199E+12      0.77999199E+12      0.31746325E+12      0.23126438E+12      0.23126438E+12
      0.46472951E+07      0.49783806E+04      0.77619194E+12      0.77619194E+12      0.31551526E+12      0.23033835E+12      0.23033835E+12
      0.46634426E+07      0.49699364E+04      0.77239099E+12      0.77239099E+12      0.31356786E+12      0.22941156E+12      0.22941156E+12
      0.46795902E+07      0.49614764E+04      0.76858885E+12      0.76858885E+12      0.31162091E+12      0.22848397E+12      0.22848397E+12
      0.46957377E+07      0.49530002E+04      0.76478528E+12      0.76478528E+12      0.30967424E+12      0.22755552E+12      0.22755552E+12
      0.47118852E+07      0.49445074E+04      0.76098003E+12      0.76098003E+12      0.30772771E+12      0.22662616E+12      0.22662616E+12
      0.47280328E+07      0.49359978E+04      0.75717285E+12      0.75717285E+12      0.30578118E+12      0.22569584E+12      0.22569584E+12
      0.47441803E+07      0.49274712E+04      0.75336353E+12      0.75336353E+12      0.30383450E+12      0.22476451E+12      0.22476451E+12
      0.47603279E+07      0.49189272E+04      0.74955182E+12      0.74955182E+12      0.30188755E+12      0.22383213E+12      0.22383213E+12
      0.47764754E+07      0.49103655E+04      0.74573749E+12      0.74573749E+12      0.29994018E+12      0.22289865E+12      0.22289865E+12
      0.47926230E+07      0.49017858E+04      0.74192032E+12      0.74192032E+12      0.29799227E+12      0.22196403E+12      0.22196403E+12
      0.48087705E+07      0.48931877E+04      0.73810008E+12      0.73810008E+12      0.29604367E+12      0.22102821E+12      0.22102821E+12
      0.48249180E+07      0.48845711E+04      0.73427658E+12      0.73427658E+12      0.29409427E+12      0.22009116E+12      0.22009116E+12
      0.48410656E+07      0.48759356E+04      0.73044960E+12      0.73044960E+12      0.29214395E+12      0.21915282E+12      0.21915282E+12
      0.48572131E+07      0.48672809E+04      0.72661894E+12      0.72661894E+12      0.29019260E+12      0.21821317E+12      0.21821317E+12
      0.48733607E+07      0.48586067E+04      0.72278441E+12      0.72278441E+12      0.28824010E+12      0.21727215E+12      0.21727215E+12
      0.48895082E+07      0.48499127E+04      0.71894580E+12      0.71894580E+12      0.28628633E+12      0.21632974E+12      0.21632974E+12
      0.49056557E+07      0.48411986E+04      0.71510293E+12      0.71510293E+12      0.28433119E+12      0.21538588E+12      0.21538588E+12
      0.49218033E+07      0.48324641E+04      0.71125562E+12      0.71125562E+12      0.28237456E+12      0.21444053E+12      0.21444053E+12
      0.49379508E+07      0.48237088E+04      0.70740370E+12      0.70740370E+12      0.28041636E+12      0.21349367E+12      0.21349367E+12
      0.49540984E+07      0.48149326E+04      0.70354700E+12      0.70354700E+12      0.27845648E+12      0.21254526E+12      0.21254526E+12
      0.49702459E+07      0.48061351E+04      0.69968534E+12      0.69968534E+12      0.27649484E+12      0.21159525E+12      0.21159525E+12
      0.49863934E+07      0.47973160E+04      0.69581857E+12      0.69581857E+12      0.27453133E+12      0.21064362E+12      0.21064362E+12
      0.50025410E+07      0.47884749E+04      0.69194652E+12      0.69194652E+12      0.27256586E+12      0.20969033E+12      0.20969033E+12
      0.50186885E+07      0.47796116E+04      0.68806905E+12      0.68806905E+12      0.27059836E+12      0.20873534E+12      0.20873534E+12
      0.50348361E+07      0.47707259E+04      0.68418601E+12      0.68418601E+12      0.26862874E+12      0.20777864E+12      0.20777864E+12
      0.50509836E+07      0.47618173E+04      0.68029728E+12      0.68029728E+12      0.26665694E+12      0.20682017E+12      0.20682017E+12
      0.50671311E+07      0.47528856E+04      0.67640271E+12      0.67640271E+12      0.26468287E+12      0.20585992E+12      0.20585992E+12
      0.50832787E+07      0.47439305E+04      0.67250217E+12      0.67250217E+12      0.26270647E+12      0.20489785E+12      0.20489785E+12
      0.50994262E+07      0.47349517E+04      0.66859553E+12      0.66859553E+12      0.26072766E+12      0.20393394E+12      0.20393394E+12
      0.51155738E+07      0.47259489E+04      0.66468268E+12      0.66468268E+12      0.25874638E+12      0.20296815E+12      0.20296815E+12
      0.51317213E+07      0.47169217E+04      0.66076351E+12      0.66076351E+12      0.25676258E+12      0.20200047E+12      0.20200047E+12
      0.51478689E+07      0.47078699E+04      0.65683791E+12      0.65683791E+12      0.25477619E+12      0.20103087E+12      0.20103087E+12
      0.51640164E+07      0.46987933E+04      0.65290579E+12      0.65290579E+12      0.25278718E+12      0.20005931E+12      0.20005931E+12
      0.51801639E+07      0.46896913E+04      0.64896705E+12      0.64896705E+12      0.25079548E+12      0.19908579E+12      0.19908579E+12
      0.51963115E+07      0.46805639E+04      0.64502158E+12      0.64502158E+12      0.24880105E+12      0.19811026E+12      0.19811026E+12
      0.52124590E+07      0.46714107E+04      0.64106931E+12      0.64106931E+12      0.24680386E+12      0.19713272E+12      0.19713272E+12
      0.52286066E+07      0.46622313E+04      0.63711017E+12      0.63711017E+12      0.24480386E+12      0.19615315E+12      0.19615315E+12
      0.52447541E+07      0.46530255E+04      0.63314408E+12      0.63314408E+12      0.24280102E+12      0.19517153E+12      0.19517153E+12
      0.52609016E+07      0.46437930E+04      0.62917097E+12      0.62917097E+12      0.24079531E+12      0.19418783E+12      0.19418783E+12
      0.52770492E+07      0.46345335E+04      0.62519079E+12      0.62519079E+12      0.23878670E+12      0.19320204E+12      0.19320204E+12
      0.52931967E+07      0.46252466E+04      0.62120346E+12      0.62120346E+12      0.23677517E+12      0.19221414E+12      0.19221414E+12
      0.53093443E+07      0.46159321E+04      0.61720895E+12      0.61720895E+12      0.23476070E+12      0.19122412E+12      0.19122412E+12
      0.53254918E+07      0.46065897E+04      0.61320720E+12      0.61320720E+12      0.23274328E+12      0.19023196E+12      0.19023196E+12
      0.53416393E+07      0.45972191E+04      0.60919819E+12      0.60919819E+12      0.23072290E+12      0.18923765E+12      0.18923765E+12
      0.53577869E+07      0.45878199E+04      0.60518190E+12      0.60518190E+12      0.22869954E+12      0.18824118E+12      0.18824118E+12
      0.53739344E+07      0.45783920E+04      0.60115829E+12      0.60115829E+12      0.22667321E+12      0.18724254E+12      0.18724254E+12
      0.53900820E+07      0.45689348E+04      0.59712731E+12      0.59712731E+12      0.22464389E+12      0.18624171E+12      0.18624171E+12
      0.54062295E+07      0.45594482E+04      0.59308897E+12      0.59308897E+12      0.22261160E+12      0.18523869E+12      0.18523869E+12
      0.54223770E+07      0.45499319E+04      0.58904327E+12      0.58904327E+12      0.22057635E+12      0.18423346E+12      0.18423346E+12
      0.54385246E+07      0.45403855E+04      0.58499021E+12      0.58499021E+12      0.21853815E+12      0.18322603E+12      0.18322603E+12
      0.54546721E+07      0.45308089E+04      0.58092979E+12      0.58092979E+12      0.21649702E+12      0.18221638E+12      0.18221638E+12
      0.54708197E+07      0.45212017E+04      0.57686203E+12      0.57686203E+12      0.21445298E+12      0.18120452E+12      0.18120452E+12
      0.54869672E+07      0.45115636E+04      0.57278693E+12      0.57278693E+12      0.21240604E+12      0.18019044E+12      0.18019044E+12
      0.55031148E+07      0.45018939E+04      0.56870445E+12      0.56870445E+12      0.21035621E+12      0.17917412E+12      0.17917412E+12
      0.55192623E+07      0.44921924E+04      0.56461463E+12      0.56461463E+12      0.20830352E+12      0.17815555E+12      0.17815555E+12
      0.55354098E+07      0.44824601E+04      0.56051778E+12      0.56051778E+12      0.20624813E+12      0.17713482E+12      0.17713482E+12
      0.55515574E+07      0.44726968E+04      0.55641395E+12      0.55641395E+12      0.20419006E+12      0.17611194E+12      0.17611194E+12
      0.55677049E+07      0.44628974E+04      0.55230221E+12      0.55230221E+12      0.20212901E+12      0.17508660E+12      0.17508660E+12
      0.55838525E+07      0.44530611E+04      0.54818246E+12      0.54818246E+12      0.20006495E+12      0.17405875E+12      0.17405875E+12
      0.56000000E+07      0.44432042E+04      0.54405829E+12      0.54405829E+12      0.19799924E+12      0.17302952E+12      0.17302952E+12
      0.56000000E+07      0.44432042E+04      0.54405945E+12      0.54405945E+12      0.19798461E+12      0.17303742E+12      0.17303742E+12
      0.56202000E+07      0.44308072E+04      0.53641529E+12      0.53641529E+12      0.19778943E+12      0.16931293E+12      0.16931293E+12
      0.56404000E+07      0.44183780E+04      0.52880730E+12      0.52880730E+12      0.19757359E+12      0.16561686E+12      0.16561686E+12
      0.56606000E+07      0.44058858E+04      0.52127016E+12      0.52127016E+12      0.19731730E+12      0.16197643E+12      0.16197643E+12
      0.56808000E+07      0.43933305E+04      0.51380387E+12      0.51380387E+12      0.19702056E+12      0.15839165E+12      0.15839165E+12
      0.57010000E+07      0.43807430E+04      0.50637375E+12      0.50637375E+12      0.19670317E+12      0.15483529E+12      0.15483529E+12
      0.57010000E+07      0.39921213E+04      0.42074699E+12      0.42074699E+12      0.17301789E+12      0.12386455E+12      0.12386455E+12
      0.57243333E+07      0.39866877E+04      0.41723985E+12      0.41723985E+12      0.17144039E+12      0.12289973E+12      0.12289973E+12
      0.57476667E+07      0.39812542E+04      0.41373272E+12      0.41373272E+12      0.16986289E+12      0.12193492E+12      0.12193492E+12
      0.57710000E+07      0.39758206E+04      0.41022558E+12      0.41022558E+12      0.16828539E+12      0.12097010E+12      0.12097010E+12
      0.57710000E+07      0.39758204E+04      0.41023075E+12      0.41023075E+12      0.16829813E+12      0.12096631E+12      0.12096631E+12
      0.57891818E+07      0.39529046E+04      0.40046160E+12      0.40046160E+12      0.16450427E+12      0.11797866E+12      0.11797866E+12
      0.58073636E+07      0.39299889E+04      0.39078060E+12      0.39078060E+12      0.16074285E+12      0.11501888E+12      0.11501888E+12
      0.58255455E+07      0.39070731E+04      0.38126638E+12      0.38126638E+12      0.15704278E+12      0.11211181E+12      0.11211181E+12
      0.58437273E+07      0.38841573E+04      0.37192703E+12      0.37192703E+12      0.15340705E+12      0.10925999E+12      0.10925999E+12
      0.58619091E+07      0.38612415E+04      0.36273985E+12      0.36273985E+12      0.14982735E+12      0.10645625E+12      0.10645625E+12
      0.58800909E+07      0.38383258E+04      0.35369442E+12      0.35369442E+12      0.14629986E+12      0.10369728E+12      0.10369728E+12
      0.58982727E+07      0.38154100E+04      0.34479003E+12      0.34479003E+12      0.14282434E+12      0.10098285E+12      0.10098285E+12
      0.59164545E+07      0.37924942E+04      0.33603447E+12      0.33603447E+12      0.13940366E+12      0.98315406E+11      0.98315406E+11
      0.59346364E+07      0.37695784E+04      0.32744598E+12      0.32744598E+12      0.13604460E+12      0.95700690E+11      0.95700690E+11
      0.59528182E+07      0.37466627E+04      0.31901470E+12      0.31901470E+12      0.13274353E+12      0.93135581E+11      0.93135581E+11
      0.59710000E+07      0.37237469E+04      0.31066637E+12      0.31066637E+12      0.12947307E+12      0.90596649E+11      0.90596649E+11
      0.59710000E+07      0.35432636E+04      0.28099270E+12      0.28099270E+12      0.11976041E+12      0.80616142E+11      0.80616142E+11
      0.59890000E+07      0.35325147E+04      0.27797231E+12      0.27797231E+12      0.11807502E+12      0.79948645E+11      0.79948645E+11
      0.60070000E+07      0.35217658E+04      0.27496302E+12      0.27496302E+12      0.11639693E+12      0.79283045E+11      0.79283045E+11
      0.60250000E+07      0.35110170E+04      0.27197563E+12      0.27197563E+12      0.11473327E+12      0.78621185E+11      0.78621185E+11
      0.60430000E+07      0.35002681E+04      0.26901382E+12      0.26901382E+12      0.11308644E+12      0.77963692E+11      0.77963692E+11
      0.60610000E+07      0.34895193E+04      0.26607410E+12      0.26607410E+12      0.11145415E+12      0.77309977E+11      0.77309977E+11
      0.60790000E+07      0.34787704E+04      0.26315392E+12      0.26315392E+12      0.10983471E+12      0.76659607E+11      0.76659607E+11
      0.60970000E+07      0.34680215E+04      0.26025561E+12      0.26025561E+12      0.10822964E+12      0.76012983E+11      0.76012983E+11
      0.61150000E+07      0.34572727E+04      0.25738241E+12      0.25738241E+12      0.10664107E+12      0.75370667E+11      0.75370667E+11
      0.61330000E+07      0.34465238E+04      0.25453065E+12      0.25453065E+12      0.10506659E+12      0.74732031E+11      0.74732031E+11
      0.61510000E+07      0.34357750E+04      0.25168977E+12      0.25168977E+12      0.10349925E+12      0.74095261E+11      0.74095261E+11
      0.61510000E+07      0.33594904E+04      0.21762557E+12      0.20441508E+12      0.83102299E+11      0.66260031E+11      0.66116210E+11
      0.61710000E+07      0.33616640E+04      0.21855211E+12      0.20573883E+12      0.83516263E+11      0.66165381E+11      0.66696236E+11
      0.61910000E+07      0.33638376E+04      0.21947990E+12      0.20706515E+12      0.83922523E+11      0.66070712E+11      0.67277736E+11
      0.62110000E+07      0.33660112E+04      0.22041013E+12      0.20839649E+12      0.84313753E+11      0.65976009E+11      0.67862109E+11
      0.62310000E+07      0.33681848E+04      0.22134328E+12      0.20973383E+12      0.84686981E+11      0.65881264E+11      0.68449915E+11
      0.62510000E+07      0.33703584E+04      0.22227934E+12      0.21107716E+12      0.85042096E+11      0.65786478E+11      0.69041162E+11
      0.62710000E+07      0.33725320E+04      0.22321785E+12      0.21242553E+12      0.85381970E+11      0.65691659E+11      0.69635297E+11
      0.62910000E+07      0.33747056E+04      0.22415761E+12      0.21377648E+12      0.85714029E+11      0.65596822E+11      0.70230912E+11
      0.62910000E+07      0.33747056E+04      0.22415761E+12      0.21377648E+12      0.85714029E+11      0.65596822E+11      0.70230912E+11
      0.63188000E+07      0.33777269E+04      0.22547128E+12      0.21566954E+12      0.86129288E+11      0.65464898E+11      0.71067552E+11
      0.63466000E+07      0.33807482E+04      0.22678495E+12      0.21756259E+12      0.86544548E+11      0.65332975E+11      0.71904193E+11
      0.63466000E+07      0.29000000E+04      0.13409600E+12      0.13409600E+12      0.45878000E+11      0.44109000E+11      0.44109000E+11
      0.63560000E+07      0.29000000E+04      0.13409600E+12      0.13409600E+12      0.45878000E+11      0.44109000E+11      0.44109000E+11
      0.63560000E+07      0.26000000E+04      0.87464000E+11      0.87464000E+11      0.34216000E+11      0.26624000E+11      0.26624000E+11
      0.63680000E+07      0.26000000E+04      0.87464000E+11      0.87464000E+11      0.34216000E+11      0.26624000E+11      0.26624000E+11
      0.63680000E+07      0.10200000E+04      0.21445500E+10      0.21445500E+10      0.21445500E+10      0.00000000E+00      0.00000000E+00
      0.63710000E+07      0.10200000E+04      0.21445500E+10      0.21445500E+10      0.21445500E+10      0.00000000E+00      0.00000000E+00
