    0.00000000E+00    0.13088500E+05    0.11262200E+05    0.36678000E+04    0.13277000E+04    0.84600000E+02    0.11262200E+05    0.36678000E+04    0.10000000E+01
    0.33013514E+05    0.13088263E+05    0.11262029E+05    0.36676806E+04    0.13277000E+04    0.84600000E+02    0.11262029E+05    0.36676806E+04    0.10000000E+01
    0.66027027E+05    0.13087551E+05    0.11261516E+05    0.36673223E+04    0.13277000E+04    0.84600000E+02    0.11261516E+05    0.36673223E+04    0.10000000E+01
    0.99040541E+05    0.13086364E+05    0.11260662E+05    0.36667252E+04    0.13277000E+04    0.84600000E+02    0.11260662E+05    0.36667252E+04    0.10000000E+01
    0.13205405E+06    0.13084703E+05    0.11259466E+05    0.36658892E+04    0.13277000E+04    0.84600000E+02    0.11259466E+05    0.36658892E+04    0.10000000E+01
    0.16506757E+06    0.13082567E+05    0.11257928E+05    0.36648145E+04    0.13277000E+04    0.84600000E+02    0.11257928E+05    0.36648145E+04    0.10000000E+01
    0.19808108E+06    0.13079957E+05    0.11256048E+05    0.36635008E+04    0.13277000E+04    0.84600000E+02    0.11256048E+05    0.36635008E+04    0.10000000E+01
    0.23109459E+06    0.13076872E+05    0.11253827E+05    0.36619483E+04    0.13277000E+04    0.84600000E+02    0.11253827E+05    0.36619483E+04    0.10000000E+01
    0.26410811E+06    0.13073312E+05    0.11251263E+05    0.36601570E+04    0.13277000E+04    0.84600000E+02    0.11251263E+05    0.36601570E+04    0.10000000E+01
    0.29712162E+06    0.13069277E+05    0.11248358E+05    0.36581268E+04    0.13277000E+04    0.84600000E+02    0.11248358E+05    0.36581268E+04    0.10000000E+01
    0.33013514E+06    0.13064768E+05    0.11245112E+05    0.36558578E+04    0.13277000E+04    0.84600000E+02    0.11245112E+05    0.36558578E+04    0.10000000E+01
    0.36314865E+06    0.13059785E+05    0.11241523E+05    0.36533499E+04    0.13277000E+04    0.84600000E+02    0.11241523E+05    0.36533499E+04    0.10000000E+01
    0.39616216E+06    0.13054326E+05    0.11237593E+05    0.36506032E+04    0.13277000E+04    0.84600000E+02    0.11237593E+05    0.36506032E+04    0.10000000E+01
    0.42917568E+06    0.13048394E+05    0.11233321E+05    0.36476177E+04    0.13277000E+04    0.84600000E+02    0.11233321E+05    0.36476177E+04    0.10000000E+01
    0.46218919E+06    0.13041986E+05    0.11228707E+05    0.36443933E+04    0.13277000E+04    0.84600000E+02    0.11228707E+05    0.36443933E+04    0.10000000E+01
    0.49520270E+06    0.13035104E+05    0.11223751E+05    0.36409301E+04    0.13277000E+04    0.84600000E+02    0.11223751E+05    0.36409301E+04    0.10000000E+01
    0.52821622E+06    0.13027747E+05    0.11218454E+05    0.36372280E+04    0.13277000E+04    0.84600000E+02    0.11218454E+05    0.36372280E+04    0.10000000E+01
    0.56122973E+06    0.13019916E+05    0.11212815E+05    0.36332870E+04    0.13277000E+04    0.84600000E+02    0.11212815E+05    0.36332870E+04    0.10000000E+01
    0.59424324E+06    0.13011610E+05    0.11206834E+05    0.36291073E+04    0.13277000E+04    0.84600000E+02    0.11206834E+05    0.36291073E+04    0.10000000E+01
    0.62725676E+06    0.13002829E+05    0.11200511E+05    0.36246887E+04    0.13277000E+04    0.84600000E+02    0.11200511E+05    0.36246887E+04    0.10000000E+01
    0.66027027E+06    0.12993574E+05    0.11193847E+05    0.36200312E+04    0.13277000E+04    0.84600000E+02    0.11193847E+05    0.36200312E+04    0.10000000E+01
    0.69328378E+06    0.12983844E+05    0.11186841E+05    0.36151349E+04    0.13277000E+04    0.84600000E+02    0.11186841E+05    0.36151349E+04    0.10000000E+01
    0.72629730E+06    0.12973639E+05    0.11179493E+05    0.36099998E+04    0.13277000E+04    0.84600000E+02    0.11179493E+05    0.36099998E+04    0.10000000E+01
    0.75931081E+06    0.12962960E+05    0.11171803E+05    0.36046258E+04    0.13277000E+04    0.84600000E+02    0.11171803E+05    0.36046258E+04    0.10000000E+01
    0.79232432E+06    0.12951806E+05    0.11163771E+05    0.35990129E+04    0.13277000E+04    0.84600000E+02    0.11163771E+05    0.35990129E+04    0.10000000E+01
    0.82533784E+06    0.12940177E+05    0.11155398E+05    0.35931613E+04    0.13277000E+04    0.84600000E+02    0.11155398E+05    0.35931613E+04    0.10000000E+01
    0.85835135E+06    0.12928074E+05    0.11146683E+05    0.35870707E+04    0.13277000E+04    0.84600000E+02    0.11146683E+05    0.35870707E+04    0.10000000E+01
    0.89136486E+06    0.12915497E+05    0.11137626E+05    0.35807414E+04    0.13277000E+04    0.84600000E+02    0.11137626E+05    0.35807414E+04    0.10000000E+01
    0.92437838E+06    0.12902444E+05    0.11128228E+05    0.35741732E+04    0.13277000E+04    0.84600000E+02    0.11128228E+05    0.35741732E+04    0.10000000E+01
    0.95739189E+06    0.12888917E+05    0.11118488E+05    0.35673661E+04    0.13277000E+04    0.84600000E+02    0.11118488E+05    0.35673661E+04    0.10000000E+01
    0.99040541E+06    0.12874916E+05    0.11108405E+05    0.35603202E+04    0.13277000E+04    0.84600000E+02    0.11108405E+05    0.35603202E+04    0.10000000E+01
    0.10234189E+07    0.12860439E+05    0.11097982E+05    0.35530355E+04    0.13277000E+04    0.84600000E+02    0.11097982E+05    0.35530355E+04    0.10000000E+01
    0.10564324E+07    0.12845488E+05    0.11087216E+05    0.35455119E+04    0.13277000E+04    0.84600000E+02    0.11087216E+05    0.35455119E+04    0.10000000E+01
    0.10894459E+07    0.12830063E+05    0.11076109E+05    0.35377495E+04    0.13277000E+04    0.84600000E+02    0.11076109E+05    0.35377495E+04    0.10000000E+01
    0.11224595E+07    0.12814163E+05    0.11064659E+05    0.35297482E+04    0.13277000E+04    0.84600000E+02    0.11064659E+05    0.35297482E+04    0.10000000E+01
    0.11554730E+07    0.12797788E+05    0.11052869E+05    0.35215081E+04    0.13277000E+04    0.84600000E+02    0.11052869E+05    0.35215081E+04    0.10000000E+01
    0.11884865E+07    0.12780938E+05    0.11040736E+05    0.35130291E+04    0.13277000E+04    0.84600000E+02    0.11040736E+05    0.35130291E+04    0.10000000E+01
    0.12215000E+07    0.12763614E+05    0.11028261E+05    0.35043113E+04    0.13277000E+04    0.84600000E+02    0.11028261E+05    0.35043113E+04    0.10000000E+01
    0.12215000E+07    0.12166332E+05    0.10355716E+05    0.00000000E+00    0.57823000E+05    0.00000000E+00    0.10355716E+05    0.00000000E+00    0.10000000E+01
    0.12542319E+07    0.12149350E+05    0.10336669E+05    0.00000000E+00    0.57823000E+05    0.00000000E+00    0.10336669E+05    0.00000000E+00    0.10000000E+01
    0.12869638E+07    0.12132003E+05    0.10317452E+05    0.00000000E+00    0.57823000E+05    0.00000000E+00    0.10317452E+05    0.00000000E+00    0.10000000E+01
    0.13196957E+07    0.12114287E+05    0.10298054E+05    0.00000000E+00    0.57823000E+05    0.00000000E+00    0.10298054E+05    0.00000000E+00    0.10000000E+01
    0.13524275E+07    0.12096198E+05    0.10278465E+05    0.00000000E+00    0.57823000E+05    0.00000000E+00    0.10278465E+05    0.00000000E+00    0.10000000E+01
    0.13851594E+07    0.12077730E+05    0.10258673E+05    0.00000000E+00    0.57823000E+05    0.00000000E+00    0.10258673E+05    0.00000000E+00    0.10000000E+01
    0.14178913E+07    0.12058880E+05    0.10238667E+05    0.00000000E+00    0.57823000E+05    0.00000000E+00    0.10238667E+05    0.00000000E+00    0.10000000E+01
    0.14506232E+07    0.12039643E+05    0.10218437E+05    0.00000000E+00    0.57823000E+05    0.00000000E+00    0.10218437E+05    0.00000000E+00    0.10000000E+01
    0.14833551E+07    0.12020014E+05    0.10197970E+05    0.00000000E+00    0.57823000E+05    0.00000000E+00    0.10197970E+05    0.00000000E+00    0.10000000E+01
    0.15160870E+07    0.11999989E+05    0.10177256E+05    0.00000000E+00    0.57823000E+05    0.00000000E+00    0.10177256E+05    0.00000000E+00    0.10000000E+01
    0.15488188E+07    0.11979563E+05    0.10156285E+05    0.00000000E+00    0.57823000E+05    0.00000000E+00    0.10156285E+05    0.00000000E+00    0.10000000E+01
    0.15815507E+07    0.11958732E+05    0.10135044E+05    0.00000000E+00    0.57823000E+05    0.00000000E+00    0.10135044E+05    0.00000000E+00    0.10000000E+01
    0.16142826E+07    0.11937492E+05    0.10113523E+05    0.00000000E+00    0.57823000E+05    0.00000000E+00    0.10113523E+05    0.00000000E+00    0.10000000E+01
    0.16470145E+07    0.11915837E+05    0.10091711E+05    0.00000000E+00    0.57823000E+05    0.00000000E+00    0.10091711E+05    0.00000000E+00    0.10000000E+01
    0.16797464E+07    0.11893764E+05    0.10069597E+05    0.00000000E+00    0.57823000E+05    0.00000000E+00    0.10069597E+05    0.00000000E+00    0.10000000E+01
    0.17124783E+07    0.11871267E+05    0.10047169E+05    0.00000000E+00    0.57823000E+05    0.00000000E+00    0.10047169E+05    0.00000000E+00    0.10000000E+01
    0.17452101E+07    0.11848343E+05    0.10024418E+05    0.00000000E+00    0.57823000E+05    0.00000000E+00    0.10024418E+05    0.00000000E+00    0.10000000E+01
    0.17779420E+07    0.11824987E+05    0.10001331E+05    0.00000000E+00    0.57823000E+05    0.00000000E+00    0.10001331E+05    0.00000000E+00    0.10000000E+01
    0.18106739E+07    0.11801194E+05    0.99778971E+04    0.00000000E+00    0.57823000E+05    0.00000000E+00    0.99778971E+04    0.00000000E+00    0.10000000E+01
    0.18434058E+07    0.11776960E+05    0.99541062E+04    0.00000000E+00    0.57823000E+05    0.00000000E+00    0.99541062E+04    0.00000000E+00    0.10000000E+01
    0.18761377E+07    0.11752281E+05    0.99299469E+04    0.00000000E+00    0.57823000E+05    0.00000000E+00    0.99299469E+04    0.00000000E+00    0.10000000E+01
    0.19088696E+07    0.11727151E+05    0.99054081E+04    0.00000000E+00    0.57823000E+05    0.00000000E+00    0.99054081E+04    0.00000000E+00    0.10000000E+01
    0.19416014E+07    0.11701567E+05    0.98804788E+04    0.00000000E+00    0.57823000E+05    0.00000000E+00    0.98804788E+04    0.00000000E+00    0.10000000E+01
    0.19743333E+07    0.11675524E+05    0.98551478E+04    0.00000000E+00    0.57823000E+05    0.00000000E+00    0.98551478E+04    0.00000000E+00    0.10000000E+01
    0.20070652E+07    0.11649017E+05    0.98294042E+04    0.00000000E+00    0.57823000E+05    0.00000000E+00    0.98294042E+04    0.00000000E+00    0.10000000E+01
    0.20397971E+07    0.11622042E+05    0.98032370E+04    0.00000000E+00    0.57823000E+05    0.00000000E+00    0.98032370E+04    0.00000000E+00    0.10000000E+01
    0.20725290E+07    0.11594594E+05    0.97766350E+04    0.00000000E+00    0.57823000E+05    0.00000000E+00    0.97766350E+04    0.00000000E+00    0.10000000E+01
    0.21052609E+07    0.11566669E+05    0.97495872E+04    0.00000000E+00    0.57823000E+05    0.00000000E+00    0.97495872E+04    0.00000000E+00    0.10000000E+01
    0.21379928E+07    0.11538263E+05    0.97220827E+04    0.00000000E+00    0.57823000E+05    0.00000000E+00    0.97220827E+04    0.00000000E+00    0.10000000E+01
    0.21707246E+07    0.11509371E+05    0.96941102E+04    0.00000000E+00    0.57823000E+05    0.00000000E+00    0.96941102E+04    0.00000000E+00    0.10000000E+01
    0.22034565E+07    0.11479988E+05    0.96656589E+04    0.00000000E+00    0.57823000E+05    0.00000000E+00    0.96656589E+04    0.00000000E+00    0.10000000E+01
    0.22361884E+07    0.11450110E+05    0.96367177E+04    0.00000000E+00    0.57823000E+05    0.00000000E+00    0.96367177E+04    0.00000000E+00    0.10000000E+01
    0.22689203E+07    0.11419732E+05    0.96072754E+04    0.00000000E+00    0.57823000E+05    0.00000000E+00    0.96072754E+04    0.00000000E+00    0.10000000E+01
    0.23016522E+07    0.11388850E+05    0.95773211E+04    0.00000000E+00    0.57823000E+05    0.00000000E+00    0.95773211E+04    0.00000000E+00    0.10000000E+01
    0.23343841E+07    0.11357460E+05    0.95468438E+04    0.00000000E+00    0.57823000E+05    0.00000000E+00    0.95468438E+04    0.00000000E+00    0.10000000E+01
    0.23671159E+07    0.11325556E+05    0.95158323E+04    0.00000000E+00    0.57823000E+05    0.00000000E+00    0.95158323E+04    0.00000000E+00    0.10000000E+01
    0.23998478E+07    0.11293135E+05    0.94842757E+04    0.00000000E+00    0.57823000E+05    0.00000000E+00    0.94842757E+04    0.00000000E+00    0.10000000E+01
    0.24325797E+07    0.11260192E+05    0.94521628E+04    0.00000000E+00    0.57823000E+05    0.00000000E+00    0.94521628E+04    0.00000000E+00    0.10000000E+01
    0.24653116E+07    0.11226722E+05    0.94194827E+04    0.00000000E+00    0.57823000E+05    0.00000000E+00    0.94194827E+04    0.00000000E+00    0.10000000E+01
    0.24980435E+07    0.11192722E+05    0.93862244E+04    0.00000000E+00    0.57823000E+05    0.00000000E+00    0.93862244E+04    0.00000000E+00    0.10000000E+01
    0.25307754E+07    0.11158185E+05    0.93523766E+04    0.00000000E+00    0.57823000E+05    0.00000000E+00    0.93523766E+04    0.00000000E+00    0.10000000E+01
    0.25635072E+07    0.11123109E+05    0.93179285E+04    0.00000000E+00    0.57823000E+05    0.00000000E+00    0.93179285E+04    0.00000000E+00    0.10000000E+01
    0.25962391E+07    0.11087488E+05    0.92828690E+04    0.00000000E+00    0.57823000E+05    0.00000000E+00    0.92828690E+04    0.00000000E+00    0.10000000E+01
    0.26289710E+07    0.11051318E+05    0.92471870E+04    0.00000000E+00    0.57823000E+05    0.00000000E+00    0.92471870E+04    0.00000000E+00    0.10000000E+01
    0.26617029E+07    0.11014594E+05    0.92108715E+04    0.00000000E+00    0.57823000E+05    0.00000000E+00    0.92108715E+04    0.00000000E+00    0.10000000E+01
    0.26944348E+07    0.10977313E+05    0.91739114E+04    0.00000000E+00    0.57823000E+05    0.00000000E+00    0.91739114E+04    0.00000000E+00    0.10000000E+01
    0.27271667E+07    0.10939468E+05    0.91362957E+04    0.00000000E+00    0.57823000E+05    0.00000000E+00    0.91362957E+04    0.00000000E+00    0.10000000E+01
    0.27598986E+07    0.10901057E+05    0.90980135E+04    0.00000000E+00    0.57823000E+05    0.00000000E+00    0.90980135E+04    0.00000000E+00    0.10000000E+01
    0.27926304E+07    0.10862074E+05    0.90590534E+04    0.00000000E+00    0.57823000E+05    0.00000000E+00    0.90590534E+04    0.00000000E+00    0.10000000E+01
    0.28253623E+07    0.10822515E+05    0.90194047E+04    0.00000000E+00    0.57823000E+05    0.00000000E+00    0.90194047E+04    0.00000000E+00    0.10000000E+01
    0.28580942E+07    0.10782376E+05    0.89790561E+04    0.00000000E+00    0.57823000E+05    0.00000000E+00    0.89790561E+04    0.00000000E+00    0.10000000E+01
    0.28908261E+07    0.10741651E+05    0.89379968E+04    0.00000000E+00    0.57823000E+05    0.00000000E+00    0.89379968E+04    0.00000000E+00    0.10000000E+01
    0.29235580E+07    0.10700337E+05    0.88962156E+04    0.00000000E+00    0.57823000E+05    0.00000000E+00    0.88962156E+04    0.00000000E+00    0.10000000E+01
    0.29562899E+07    0.10658429E+05    0.88537016E+04    0.00000000E+00    0.57823000E+05    0.00000000E+00    0.88537016E+04    0.00000000E+00    0.10000000E+01
    0.29890217E+07    0.10615922E+05    0.88104433E+04    0.00000000E+00    0.57823000E+05    0.00000000E+00    0.88104433E+04    0.00000000E+00    0.10000000E+01
    0.30217536E+07    0.10572813E+05    0.87664303E+04    0.00000000E+00    0.57823000E+05    0.00000000E+00    0.87664303E+04    0.00000000E+00    0.10000000E+01
    0.30544855E+07    0.10529095E+05    0.87216512E+04    0.00000000E+00    0.57823000E+05    0.00000000E+00    0.87216512E+04    0.00000000E+00    0.10000000E+01
    0.30872174E+07    0.10484766E+05    0.86760950E+04    0.00000000E+00    0.57823000E+05    0.00000000E+00    0.86760950E+04    0.00000000E+00    0.10000000E+01
    0.31199493E+07    0.10439820E+05    0.86297507E+04    0.00000000E+00    0.57823000E+05    0.00000000E+00    0.86297507E+04    0.00000000E+00    0.10000000E+01
    0.31526812E+07    0.10394253E+05    0.85826073E+04    0.00000000E+00    0.57823000E+05    0.00000000E+00    0.85826073E+04    0.00000000E+00    0.10000000E+01
    0.31854130E+07    0.10348061E+05    0.85346534E+04    0.00000000E+00    0.57823000E+05    0.00000000E+00    0.85346534E+04    0.00000000E+00    0.10000000E+01
    0.32181449E+07    0.10301239E+05    0.84858785E+04    0.00000000E+00    0.57823000E+05    0.00000000E+00    0.84858785E+04    0.00000000E+00    0.10000000E+01
    0.32508768E+07    0.10253782E+05    0.84362712E+04    0.00000000E+00    0.57823000E+05    0.00000000E+00    0.84362712E+04    0.00000000E+00    0.10000000E+01
    0.32836087E+07    0.10205686E+05    0.83858206E+04    0.00000000E+00    0.57823000E+05    0.00000000E+00    0.83858206E+04    0.00000000E+00    0.10000000E+01
    0.33163406E+07    0.10156946E+05    0.83345156E+04    0.00000000E+00    0.57823000E+05    0.00000000E+00    0.83345156E+04    0.00000000E+00    0.10000000E+01
    0.33490725E+07    0.10107559E+05    0.82823452E+04    0.00000000E+00    0.57823000E+05    0.00000000E+00    0.82823452E+04    0.00000000E+00    0.10000000E+01
    0.33818043E+07    0.10057519E+05    0.82292981E+04    0.00000000E+00    0.57823000E+05    0.00000000E+00    0.82292981E+04    0.00000000E+00    0.10000000E+01
    0.34145362E+07    0.10006822E+05    0.81753636E+04    0.00000000E+00    0.57823000E+05    0.00000000E+00    0.81753636E+04    0.00000000E+00    0.10000000E+01
    0.34472681E+07    0.99554630E+04    0.81205307E+04    0.00000000E+00    0.57823000E+05    0.00000000E+00    0.81205307E+04    0.00000000E+00    0.10000000E+01
    0.34800000E+07    0.99034384E+04    0.80647881E+04    0.00000000E+00    0.57823000E+05    0.00000000E+00    0.80647881E+04    0.00000000E+00    0.10000000E+01
    0.34800000E+07    0.55664554E+04    0.13716622E+05    0.72646506E+04    0.57823000E+05    0.31200000E+03    0.13716622E+05    0.72646506E+04    0.10000000E+01
    0.35300000E+07    0.55414153E+04    0.13704407E+05    0.72651461E+04    0.57823000E+05    0.31200000E+03    0.13704407E+05    0.72651461E+04    0.10000000E+01
    0.35800000E+07    0.55164253E+04    0.13692349E+05    0.72655854E+04    0.57823000E+05    0.31200000E+03    0.13692349E+05    0.72655854E+04    0.10000000E+01
    0.36300000E+07    0.54914766E+04    0.13680442E+05    0.72659711E+04    0.57823000E+05    0.31200000E+03    0.13680442E+05    0.72659711E+04    0.10000000E+01
    0.36300000E+07    0.54914766E+04    0.13680424E+05    0.72659252E+04    0.57823000E+05    0.31200000E+03    0.13680424E+05    0.72659252E+04    0.10000000E+01
    0.36628333E+07    0.54751117E+04    0.13640654E+05    0.72508976E+04    0.57823000E+05    0.31200000E+03    0.13640654E+05    0.72508976E+04    0.10000000E+01
    0.36956667E+07    0.54587583E+04    0.13601177E+05    0.72359473E+04    0.57823000E+05    0.31200000E+03    0.13601177E+05    0.72359473E+04    0.10000000E+01
    0.37285000E+07    0.54424137E+04    0.13561972E+05    0.72210667E+04    0.57823000E+05    0.31200000E+03    0.13561972E+05    0.72210667E+04    0.10000000E+01
    0.37613333E+07    0.54260755E+04    0.13523017E+05    0.72062482E+04    0.57823000E+05    0.31200000E+03    0.13523017E+05    0.72062482E+04    0.10000000E+01
    0.37941667E+07    0.54097411E+04    0.13484291E+05    0.71914842E+04    0.57823000E+05    0.31200000E+03    0.13484291E+05    0.71914842E+04    0.10000000E+01
    0.38270000E+07    0.53934080E+04    0.13445771E+05    0.71767670E+04    0.57823000E+05    0.31200000E+03    0.13445771E+05    0.71767670E+04    0.10000000E+01
    0.38598333E+07    0.53770736E+04    0.13407435E+05    0.71620890E+04    0.57823000E+05    0.31200000E+03    0.13407435E+05    0.71620890E+04    0.10000000E+01
    0.38926667E+07    0.53607355E+04    0.13369262E+05    0.71474426E+04    0.57823000E+05    0.31200000E+03    0.13369262E+05    0.71474426E+04    0.10000000E+01
    0.39255000E+07    0.53443911E+04    0.13331229E+05    0.71328202E+04    0.57823000E+05    0.31200000E+03    0.13331229E+05    0.71328202E+04    0.10000000E+01
    0.39583333E+07    0.53280379E+04    0.13293316E+05    0.71182142E+04    0.57823000E+05    0.31200000E+03    0.13293316E+05    0.71182142E+04    0.10000000E+01
    0.39911667E+07    0.53116733E+04    0.13255499E+05    0.71036170E+04    0.57823000E+05    0.31200000E+03    0.13255499E+05    0.71036170E+04    0.10000000E+01
    0.40240000E+07    0.52952948E+04    0.13217757E+05    0.70890208E+04    0.57823000E+05    0.31200000E+03    0.13217757E+05    0.70890208E+04    0.10000000E+01
    0.40568333E+07    0.52788999E+04    0.13180069E+05    0.70744182E+04    0.57823000E+05    0.31200000E+03    0.13180069E+05    0.70744182E+04    0.10000000E+01
    0.40896667E+07    0.52624860E+04    0.13142412E+05    0.70598014E+04    0.57823000E+05    0.31200000E+03    0.13142412E+05    0.70598014E+04    0.10000000E+01
    0.41225000E+07    0.52460507E+04    0.13104764E+05    0.70451629E+04    0.57823000E+05    0.31200000E+03    0.13104764E+05    0.70451629E+04    0.10000000E+01
    0.41553333E+07    0.52295913E+04    0.13067104E+05    0.70304951E+04    0.57823000E+05    0.31200000E+03    0.13067104E+05    0.70304951E+04    0.10000000E+01
    0.41881667E+07    0.52131054E+04    0.13029409E+05    0.70157903E+04    0.57823000E+05    0.31200000E+03    0.13029409E+05    0.70157903E+04    0.10000000E+01
    0.42210000E+07    0.51965904E+04    0.12991659E+05    0.70010409E+04    0.57823000E+05    0.31200000E+03    0.12991659E+05    0.70010409E+04    0.10000000E+01
    0.42538333E+07    0.51800439E+04    0.12953830E+05    0.69862393E+04    0.57823000E+05    0.31200000E+03    0.12953830E+05    0.69862393E+04    0.10000000E+01
    0.42866667E+07    0.51634632E+04    0.12915901E+05    0.69713779E+04    0.57823000E+05    0.31200000E+03    0.12915901E+05    0.69713779E+04    0.10000000E+01
    0.43195000E+07    0.51468458E+04    0.12877850E+05    0.69564490E+04    0.57823000E+05    0.31200000E+03    0.12877850E+05    0.69564490E+04    0.10000000E+01
    0.43523333E+07    0.51301893E+04    0.12839656E+05    0.69414451E+04    0.57823000E+05    0.31200000E+03    0.12839656E+05    0.69414451E+04    0.10000000E+01
    0.43851667E+07    0.51134910E+04    0.12801296E+05    0.69263584E+04    0.57823000E+05    0.31200000E+03    0.12801296E+05    0.69263584E+04    0.10000000E+01
    0.44180000E+07    0.50967485E+04    0.12762748E+05    0.69111815E+04    0.57823000E+05    0.31200000E+03    0.12762748E+05    0.69111815E+04    0.10000000E+01
    0.44508333E+07    0.50799592E+04    0.12723991E+05    0.68959067E+04    0.57823000E+05    0.31200000E+03    0.12723991E+05    0.68959067E+04    0.10000000E+01
    0.44836667E+07    0.50631206E+04    0.12685003E+05    0.68805263E+04    0.57823000E+05    0.31200000E+03    0.12685003E+05    0.68805263E+04    0.10000000E+01
    0.45165000E+07    0.50462302E+04    0.12645762E+05    0.68650327E+04    0.57823000E+05    0.31200000E+03    0.12645762E+05    0.68650327E+04    0.10000000E+01
    0.45493333E+07    0.50292853E+04    0.12606246E+05    0.68494184E+04    0.57823000E+05    0.31200000E+03    0.12606246E+05    0.68494184E+04    0.10000000E+01
    0.45821667E+07    0.50122836E+04    0.12566432E+05    0.68336756E+04    0.57823000E+05    0.31200000E+03    0.12566432E+05    0.68336756E+04    0.10000000E+01
    0.46150000E+07    0.49952225E+04    0.12526300E+05    0.68177969E+04    0.57823000E+05    0.31200000E+03    0.12526300E+05    0.68177969E+04    0.10000000E+01
    0.46478333E+07    0.49780994E+04    0.12485828E+05    0.68017745E+04    0.57823000E+05    0.31200000E+03    0.12485828E+05    0.68017745E+04    0.10000000E+01
    0.46806667E+07    0.49609118E+04    0.12444993E+05    0.67856008E+04    0.57823000E+05    0.31200000E+03    0.12444993E+05    0.67856008E+04    0.10000000E+01
    0.47135000E+07    0.49436572E+04    0.12403773E+05    0.67692683E+04    0.57823000E+05    0.31200000E+03    0.12403773E+05    0.67692683E+04    0.10000000E+01
    0.47463333E+07    0.49263330E+04    0.12362147E+05    0.67527693E+04    0.57823000E+05    0.31200000E+03    0.12362147E+05    0.67527693E+04    0.10000000E+01
    0.47791667E+07    0.49089368E+04    0.12320093E+05    0.67360961E+04    0.57823000E+05    0.31200000E+03    0.12320093E+05    0.67360961E+04    0.10000000E+01
    0.48120000E+07    0.48914659E+04    0.12277589E+05    0.67192413E+04    0.57823000E+05    0.31200000E+03    0.12277589E+05    0.67192413E+04    0.10000000E+01
    0.48448333E+07    0.48739179E+04    0.12234613E+05    0.67021970E+04    0.57823000E+05    0.31200000E+03    0.12234613E+05    0.67021970E+04    0.10000000E+01
    0.48776667E+07    0.48562902E+04    0.12191143E+05    0.66849558E+04    0.57823000E+05    0.31200000E+03    0.12191143E+05    0.66849558E+04    0.10000000E+01
    0.49105000E+07    0.48385804E+04    0.12147158E+05    0.66675100E+04    0.57823000E+05    0.31200000E+03    0.12147158E+05    0.66675100E+04    0.10000000E+01
    0.49433333E+07    0.48207858E+04    0.12102635E+05    0.66498520E+04    0.57823000E+05    0.31200000E+03    0.12102635E+05    0.66498520E+04    0.10000000E+01
    0.49761667E+07    0.48029039E+04    0.12057552E+05    0.66319742E+04    0.57823000E+05    0.31200000E+03    0.12057552E+05    0.66319742E+04    0.10000000E+01
    0.50090000E+07    0.47849323E+04    0.12011889E+05    0.66138689E+04    0.57823000E+05    0.31200000E+03    0.12011889E+05    0.66138689E+04    0.10000000E+01
    0.50418333E+07    0.47668683E+04    0.11965622E+05    0.65955285E+04    0.57823000E+05    0.31200000E+03    0.11965622E+05    0.65955285E+04    0.10000000E+01
    0.50746667E+07    0.47487095E+04    0.11918729E+05    0.65769454E+04    0.57823000E+05    0.31200000E+03    0.11918729E+05    0.65769454E+04    0.10000000E+01
    0.51075000E+07    0.47304533E+04    0.11871190E+05    0.65581121E+04    0.57823000E+05    0.31200000E+03    0.11871190E+05    0.65581121E+04    0.10000000E+01
    0.51403333E+07    0.47120972E+04    0.11822982E+05    0.65390208E+04    0.57823000E+05    0.31200000E+03    0.11822982E+05    0.65390208E+04    0.10000000E+01
    0.51731667E+07    0.46936386E+04    0.11774084E+05    0.65196639E+04    0.57823000E+05    0.31200000E+03    0.11774084E+05    0.65196639E+04    0.10000000E+01
    0.52060000E+07    0.46750751E+04    0.11724473E+05    0.65000339E+04    0.57823000E+05    0.31200000E+03    0.11724473E+05    0.65000339E+04    0.10000000E+01
    0.52388333E+07    0.46564041E+04    0.11674127E+05    0.64801231E+04    0.57823000E+05    0.31200000E+03    0.11674127E+05    0.64801231E+04    0.10000000E+01
    0.52716667E+07    0.46376230E+04    0.11623025E+05    0.64599239E+04    0.57823000E+05    0.31200000E+03    0.11623025E+05    0.64599239E+04    0.10000000E+01
    0.53045000E+07    0.46187294E+04    0.11571144E+05    0.64394287E+04    0.57823000E+05    0.31200000E+03    0.11571144E+05    0.64394287E+04    0.10000000E+01
    0.53373333E+07    0.45997207E+04    0.11518464E+05    0.64186298E+04    0.57823000E+05    0.31200000E+03    0.11518464E+05    0.64186298E+04    0.10000000E+01
    0.53701667E+07    0.45805944E+04    0.11464961E+05    0.63975197E+04    0.57823000E+05    0.31200000E+03    0.11464961E+05    0.63975197E+04    0.10000000E+01
    0.54030000E+07    0.45613479E+04    0.11410615E+05    0.63760907E+04    0.57823000E+05    0.31200000E+03    0.11410615E+05    0.63760907E+04    0.10000000E+01
    0.54358333E+07    0.45419787E+04    0.11355403E+05    0.63543352E+04    0.57823000E+05    0.31200000E+03    0.11355403E+05    0.63543352E+04    0.10000000E+01
    0.54686667E+07    0.45224844E+04    0.11299303E+05    0.63322455E+04    0.57823000E+05    0.31200000E+03    0.11299303E+05    0.63322455E+04    0.10000000E+01
    0.55015000E+07    0.45028623E+04    0.11242294E+05    0.63098142E+04    0.57823000E+05    0.31200000E+03    0.11242294E+05    0.63098142E+04    0.10000000E+01
    0.55343333E+07    0.44831099E+04    0.11184353E+05    0.62870334E+04    0.57823000E+05    0.31200000E+03    0.11184353E+05    0.62870334E+04    0.10000000E+01
    0.55671667E+07    0.44632247E+04    0.11125459E+05    0.62638957E+04    0.57823000E+05    0.31200000E+03    0.11125459E+05    0.62638957E+04    0.10000000E+01
    0.56000000E+07    0.44432042E+04    0.11065590E+05    0.62403934E+04    0.57823000E+05    0.31200000E+03    0.11065590E+05    0.62403934E+04    0.10000000E+01
    0.56000000E+07    0.44432042E+04    0.11065602E+05    0.62405358E+04    0.57823000E+05    0.31200000E+03    0.11065602E+05    0.62405358E+04    0.10000000E+01
    0.56505000E+07    0.44121413E+04    0.10908539E+05    0.60927985E+04    0.57823000E+05    0.31200000E+03    0.10908539E+05    0.60927985E+04    0.10000000E+01
    0.57010000E+07    0.43807430E+04    0.10751318E+05    0.59451264E+04    0.57823000E+05    0.31200000E+03    0.10751318E+05    0.59451264E+04    0.10000000E+01
    0.57010000E+07    0.39921213E+04    0.10266174E+05    0.55702110E+04    0.57823000E+05    0.14300000E+03    0.10266174E+05    0.55702110E+04    0.10000000E+01
    0.57710000E+07    0.39758206E+04    0.10157761E+05    0.55160173E+04    0.57823000E+05    0.14300000E+03    0.10157761E+05    0.55160173E+04    0.10000000E+01
    0.57710000E+07    0.39758204E+04    0.10157825E+05    0.55159312E+04    0.57823000E+05    0.14300000E+03    0.10157825E+05    0.55159312E+04    0.10000000E+01
    0.58110000E+07    0.39254057E+04    0.99530433E+04    0.53992424E+04    0.57823000E+05    0.14300000E+03    0.99530433E+04    0.53992424E+04    0.10000000E+01
    0.58510000E+07    0.38749910E+04    0.97482617E+04    0.52825537E+04    0.57823000E+05    0.14300000E+03    0.97482617E+04    0.52825537E+04    0.10000000E+01
    0.58910000E+07    0.38245763E+04    0.95434800E+04    0.51658650E+04    0.57823000E+05    0.14300000E+03    0.95434800E+04    0.51658650E+04    0.10000000E+01
    0.59310000E+07    0.37741616E+04    0.93386983E+04    0.50491762E+04    0.57823000E+05    0.14300000E+03    0.93386983E+04    0.50491762E+04    0.10000000E+01
    0.59710000E+07    0.37237469E+04    0.91339167E+04    0.49324875E+04    0.57823000E+05    0.14300000E+03    0.91339167E+04    0.49324875E+04    0.10000000E+01
    0.59710000E+07    0.35432636E+04    0.89052432E+04    0.47699000E+04    0.57823000E+05    0.14300000E+03    0.89052432E+04    0.47699000E+04    0.10000000E+01
    0.60160000E+07    0.35163914E+04    0.88186696E+04    0.47384000E+04    0.57823000E+05    0.14300000E+03    0.88186696E+04    0.47384000E+04    0.10000000E+01
    0.60610000E+07    0.34895193E+04    0.87320960E+04    0.47069000E+04    0.57823000E+05    0.14300000E+03    0.87320960E+04    0.47069000E+04    0.10000000E+01
    0.61060000E+07    0.34626471E+04    0.86455224E+04    0.46754000E+04    0.57823000E+05    0.14300000E+03    0.86455224E+04    0.46754000E+04    0.10000000E+01
    0.61510000E+07    0.34357750E+04    0.85589488E+04    0.46439000E+04    0.57823000E+05    0.14300000E+03    0.85589488E+04    0.46439000E+04    0.10000000E+01
    0.61510000E+07    0.33594904E+04    0.78004518E+04    0.44410853E+04    0.57823198E+05    0.79571304E+02    0.78004518E+04    0.44362629E+04    0.97646208E+00
    0.61976667E+07    0.33645621E+04    0.78533227E+04    0.44303339E+04    0.57822676E+05    0.79570120E+02    0.78533227E+04    0.44781435E+04    0.95831256E+00
    0.62443333E+07    0.33696339E+04    0.79061935E+04    0.44195824E+04    0.57822175E+05    0.79542360E+02    0.79061935E+04    0.45200241E+04    0.94016300E+00
    0.62910000E+07    0.33747056E+04    0.79590643E+04    0.44088310E+04    0.57821696E+05    0.79488343E+02    0.79590643E+04    0.45619047E+04    0.92201348E+00
    0.62910000E+07    0.33747056E+04    0.79590643E+04    0.44088310E+04    0.57813215E+05    0.59616257E+03    0.79590643E+04    0.45619047E+04    0.92201348E+00
    0.63466000E+07    0.33807482E+04    0.80220561E+04    0.43960215E+04    0.57809113E+05    0.59542668E+03    0.80220561E+04    0.46118024E+04    0.90038961E+00
    0.63466000E+07    0.29000000E+04    0.68000000E+04    0.39000000E+04    0.57823000E+05    0.60000000E+03    0.68000000E+04    0.39000000E+04    0.10000000E+01
    0.63560000E+07    0.29000000E+04    0.68000000E+04    0.39000000E+04    0.57823000E+05    0.60000000E+03    0.68000000E+04    0.39000000E+04    0.10000000E+01
    0.63560000E+07    0.26000000E+04    0.58000000E+04    0.32000000E+04    0.57823000E+05    0.60000000E+03    0.58000000E+04    0.32000000E+04    0.10000000E+01
    0.63680000E+07    0.26000000E+04    0.58000000E+04    0.32000000E+04    0.57823000E+05    0.60000000E+03    0.58000000E+04    0.32000000E+04    0.10000000E+01
    0.63680000E+07    0.10200000E+04    0.14500000E+04    0.00000000E+00    0.57823000E+05    0.00000000E+00    0.14500000E+04    0.00000000E+00    0.10000000E+01
    0.63710000E+07    0.10200000E+04    0.14500000E+04    0.00000000E+00    0.57823000E+05    0.00000000E+00    0.14500000E+04    0.00000000E+00    0.10000000E+01
