 F
      0.00000000E+00      0.13088500E+05      0.16601080E+13      0.16601080E+13      0.13079552E+13      0.17607641E+12      0.17607641E+12
      0.33013514E+05      0.13088263E+05      0.16600275E+13      0.16600275E+13      0.13079040E+13      0.17606175E+12      0.17606175E+12
      0.66027027E+05      0.13087551E+05      0.16597861E+13      0.16597861E+13      0.13077506E+13      0.17601778E+12      0.17601778E+12
      0.99040541E+05      0.13086364E+05      0.16593838E+13      0.16593838E+13      0.13074948E+13      0.17594451E+12      0.17594451E+12
      0.13205405E+06      0.13084703E+05      0.16588207E+13      0.16588207E+13      0.13071368E+13      0.17584197E+12      0.17584197E+12
      0.16506757E+06      0.13082567E+05      0.16580969E+13      0.16580969E+13      0.13066765E+13      0.17571019E+12      0.17571019E+12
      0.19808108E+06      0.13079957E+05      0.16572125E+13      0.16572125E+13      0.13061140E+13      0.17554921E+12      0.17554921E+12
      0.23109459E+06      0.13076872E+05      0.16561677E+13      0.16561677E+13      0.13054495E+13      0.17535909E+12      0.17535909E+12
      0.26410811E+06      0.13073312E+05      0.16549627E+13      0.16549627E+13      0.13046829E+13      0.17513988E+12      0.17513988E+12
      0.29712162E+06      0.13069277E+05      0.16535978E+13      0.16535978E+13      0.13038144E+13      0.17489166E+12      0.17489166E+12
      0.33013514E+06      0.13064768E+05      0.16520731E+13      0.16520731E+13      0.13028441E+13      0.17461450E+12      0.17461450E+12
      0.36314865E+06      0.13059785E+05      0.16503891E+13      0.16503891E+13      0.13017721E+13      0.17430850E+12      0.17430850E+12
      0.39616216E+06      0.13054326E+05      0.16485460E+13      0.16485460E+13      0.13005984E+13      0.17397376E+12      0.17397376E+12
      0.42917568E+06      0.13048394E+05      0.16465441E+13      0.16465441E+13      0.12993234E+13      0.17361037E+12      0.17361037E+12
      0.46218919E+06      0.13041986E+05      0.16443839E+13      0.16443839E+13      0.12979470E+13      0.17321847E+12      0.17321847E+12
      0.49520270E+06      0.13035104E+05      0.16420659E+13      0.16420659E+13      0.12964695E+13      0.17279818E+12      0.17279818E+12
      0.52821622E+06      0.13027747E+05      0.16395903E+13      0.16395903E+13      0.12948910E+13      0.17234963E+12      0.17234963E+12
      0.56122973E+06      0.13019916E+05      0.16369578E+13      0.16369578E+13      0.12932118E+13      0.17187297E+12      0.17187297E+12
      0.59424324E+06      0.13011610E+05      0.16341687E+13      0.16341687E+13      0.12914320E+13      0.17136836E+12      0.17136836E+12
      0.62725676E+06      0.13002829E+05      0.16312238E+13      0.16312238E+13      0.12895519E+13      0.17083595E+12      0.17083595E+12
      0.66027027E+06      0.12993574E+05      0.16281235E+13      0.16281235E+13      0.12875716E+13      0.17027592E+12      0.17027592E+12
      0.69328378E+06      0.12983844E+05      0.16248684E+13      0.16248684E+13      0.12854914E+13      0.16968845E+12      0.16968845E+12
      0.72629730E+06      0.12973639E+05      0.16214591E+13      0.16214591E+13      0.12833116E+13      0.16907374E+12      0.16907374E+12
      0.75931081E+06      0.12962960E+05      0.16178964E+13      0.16178964E+13      0.12810325E+13      0.16843198E+12      0.16843198E+12
      0.79232432E+06      0.12951806E+05      0.16141809E+13      0.16141809E+13      0.12786542E+13      0.16776337E+12      0.16776337E+12
      0.82533784E+06      0.12940177E+05      0.16103133E+13      0.16103133E+13      0.12761770E+13      0.16706815E+12      0.16706815E+12
      0.85835135E+06      0.12928074E+05      0.16062944E+13      0.16062944E+13      0.12736014E+13      0.16634652E+12      0.16634652E+12
      0.89136486E+06      0.12915497E+05      0.16021250E+13      0.16021250E+13      0.12709275E+13      0.16559874E+12      0.16559874E+12
      0.92437838E+06      0.12902444E+05      0.15978059E+13      0.15978059E+13      0.12681558E+13      0.16482503E+12      0.16482503E+12
      0.95739189E+06      0.12888917E+05      0.15933378E+13      0.15933378E+13      0.12652865E+13      0.16402566E+12      0.16402566E+12
      0.99040541E+06      0.12874916E+05      0.15887217E+13      0.15887217E+13      0.12623199E+13      0.16320089E+12      0.16320089E+12
      0.10234189E+07      0.12860439E+05      0.15839585E+13      0.15839585E+13      0.12592566E+13      0.16235097E+12      0.16235097E+12
      0.10564324E+07      0.12845488E+05      0.15790491E+13      0.15790491E+13      0.12560967E+13      0.16147620E+12      0.16147620E+12
      0.10894459E+07      0.12830063E+05      0.15739944E+13      0.15739944E+13      0.12528407E+13      0.16057685E+12      0.16057685E+12
      0.11224595E+07      0.12814163E+05      0.15687955E+13      0.15687955E+13      0.12494891E+13      0.15965322E+12      0.15965322E+12
      0.11554730E+07      0.12797788E+05      0.15634533E+13      0.15634533E+13      0.12460421E+13      0.15870561E+12      0.15870561E+12
      0.11884865E+07      0.12780938E+05      0.15579689E+13      0.15579689E+13      0.12425002E+13      0.15773434E+12      0.15773434E+12
      0.12215000E+07      0.12763614E+05      0.15523433E+13      0.15523433E+13      0.12388639E+13      0.15673971E+12      0.15673971E+12
      0.12215000E+07      0.12166332E+05      0.13047278E+13      0.13047278E+13      0.13047278E+13      0.00000000E+00      0.00000000E+00
      0.12542319E+07      0.12149350E+05      0.12981182E+13      0.12981182E+13      0.12981182E+13      0.00000000E+00      0.00000000E+00
      0.12869638E+07      0.12132003E+05      0.12914495E+13      0.12914495E+13      0.12914495E+13      0.00000000E+00      0.00000000E+00
      0.13196957E+07      0.12114287E+05      0.12847193E+13      0.12847193E+13      0.12847193E+13      0.00000000E+00      0.00000000E+00
      0.13524275E+07      0.12096198E+05      0.12779252E+13      0.12779252E+13      0.12779252E+13      0.00000000E+00      0.00000000E+00
      0.13851594E+07      0.12077730E+05      0.12710649E+13      0.12710649E+13      0.12710649E+13      0.00000000E+00      0.00000000E+00
      0.14178913E+07      0.12058880E+05      0.12641361E+13      0.12641361E+13      0.12641361E+13      0.00000000E+00      0.00000000E+00
      0.14506232E+07      0.12039643E+05      0.12571367E+13      0.12571367E+13      0.12571367E+13      0.00000000E+00      0.00000000E+00
      0.14833551E+07      0.12020014E+05      0.12500645E+13      0.12500645E+13      0.12500645E+13      0.00000000E+00      0.00000000E+00
      0.15160870E+07      0.11999989E+05      0.12429174E+13      0.12429174E+13      0.12429174E+13      0.00000000E+00      0.00000000E+00
      0.15488188E+07      0.11979563E+05      0.12356933E+13      0.12356933E+13      0.12356933E+13      0.00000000E+00      0.00000000E+00
      0.15815507E+07      0.11958732E+05      0.12283904E+13      0.12283904E+13      0.12283904E+13      0.00000000E+00      0.00000000E+00
      0.16142826E+07      0.11937492E+05      0.12210066E+13      0.12210066E+13      0.12210066E+13      0.00000000E+00      0.00000000E+00
      0.16470145E+07      0.11915837E+05      0.12135402E+13      0.12135402E+13      0.12135402E+13      0.00000000E+00      0.00000000E+00
      0.16797464E+07      0.11893764E+05      0.12059893E+13      0.12059893E+13      0.12059893E+13      0.00000000E+00      0.00000000E+00
      0.17124783E+07      0.11871267E+05      0.11983523E+13      0.11983523E+13      0.11983523E+13      0.00000000E+00      0.00000000E+00
      0.17452101E+07      0.11848343E+05      0.11906275E+13      0.11906275E+13      0.11906275E+13      0.00000000E+00      0.00000000E+00
      0.17779420E+07      0.11824987E+05      0.11828134E+13      0.11828134E+13      0.11828134E+13      0.00000000E+00      0.00000000E+00
      0.18106739E+07      0.11801194E+05      0.11749084E+13      0.11749084E+13      0.11749084E+13      0.00000000E+00      0.00000000E+00
      0.18434058E+07      0.11776960E+05      0.11669111E+13      0.11669111E+13      0.11669111E+13      0.00000000E+00      0.00000000E+00
      0.18761377E+07      0.11752281E+05      0.11588201E+13      0.11588201E+13      0.11588201E+13      0.00000000E+00      0.00000000E+00
      0.19088696E+07      0.11727151E+05      0.11506342E+13      0.11506342E+13      0.11506342E+13      0.00000000E+00      0.00000000E+00
      0.19416014E+07      0.11701567E+05      0.11423522E+13      0.11423522E+13      0.11423522E+13      0.00000000E+00      0.00000000E+00
      0.19743333E+07      0.11675524E+05      0.11339729E+13      0.11339729E+13      0.11339729E+13      0.00000000E+00      0.00000000E+00
      0.20070652E+07      0.11649017E+05      0.11254952E+13      0.11254952E+13      0.11254952E+13      0.00000000E+00      0.00000000E+00
      0.20397971E+07      0.11622042E+05      0.11169184E+13      0.11169184E+13      0.11169184E+13      0.00000000E+00      0.00000000E+00
      0.20725290E+07      0.11594594E+05      0.11082414E+13      0.11082414E+13      0.11082414E+13      0.00000000E+00      0.00000000E+00
      0.21052609E+07      0.11566669E+05      0.10994634E+13      0.10994634E+13      0.10994634E+13      0.00000000E+00      0.00000000E+00
      0.21379928E+07      0.11538263E+05      0.10905838E+13      0.10905838E+13      0.10905838E+13      0.00000000E+00      0.00000000E+00
      0.21707246E+07      0.11509371E+05      0.10816020E+13      0.10816020E+13      0.10816020E+13      0.00000000E+00      0.00000000E+00
      0.22034565E+07      0.11479988E+05      0.10725174E+13      0.10725174E+13      0.10725174E+13      0.00000000E+00      0.00000000E+00
      0.22361884E+07      0.11450110E+05      0.10633296E+13      0.10633296E+13      0.10633296E+13      0.00000000E+00      0.00000000E+00
      0.22689203E+07      0.11419732E+05      0.10540383E+13      0.10540383E+13      0.10540383E+13      0.00000000E+00      0.00000000E+00
      0.23016522E+07      0.11388850E+05      0.10446432E+13      0.10446432E+13      0.10446432E+13      0.00000000E+00      0.00000000E+00
      0.23343841E+07      0.11357460E+05      0.10351442E+13      0.10351442E+13      0.10351442E+13      0.00000000E+00      0.00000000E+00
      0.23671159E+07      0.11325556E+05      0.10255412E+13      0.10255412E+13      0.10255412E+13      0.00000000E+00      0.00000000E+00
      0.23998478E+07      0.11293135E+05      0.10158343E+13      0.10158343E+13      0.10158343E+13      0.00000000E+00      0.00000000E+00
      0.24325797E+07      0.11260192E+05      0.10060236E+13      0.10060236E+13      0.10060236E+13      0.00000000E+00      0.00000000E+00
      0.24653116E+07      0.11226722E+05      0.99610953E+12      0.99610953E+12      0.99610953E+12      0.00000000E+00      0.00000000E+00
      0.24980435E+07      0.11192722E+05      0.98609229E+12      0.98609229E+12      0.98609229E+12      0.00000000E+00      0.00000000E+00
      0.25307754E+07      0.11158185E+05      0.97597242E+12      0.97597242E+12      0.97597242E+12      0.00000000E+00      0.00000000E+00
      0.25635072E+07      0.11123109E+05      0.96575049E+12      0.96575049E+12      0.96575049E+12      0.00000000E+00      0.00000000E+00
      0.25962391E+07      0.11087488E+05      0.95542720E+12      0.95542720E+12      0.95542720E+12      0.00000000E+00      0.00000000E+00
      0.26289710E+07      0.11051318E+05      0.94500335E+12      0.94500335E+12      0.94500335E+12      0.00000000E+00      0.00000000E+00
      0.26617029E+07      0.11014594E+05      0.93447986E+12      0.93447986E+12      0.93447986E+12      0.00000000E+00      0.00000000E+00
      0.26944348E+07      0.10977313E+05      0.92385776E+12      0.92385776E+12      0.92385776E+12      0.00000000E+00      0.00000000E+00
      0.27271667E+07      0.10939468E+05      0.91313820E+12      0.91313820E+12      0.91313820E+12      0.00000000E+00      0.00000000E+00
      0.27598986E+07      0.10901057E+05      0.90232243E+12      0.90232243E+12      0.90232243E+12      0.00000000E+00      0.00000000E+00
      0.27926304E+07      0.10862074E+05      0.89141185E+12      0.89141185E+12      0.89141185E+12      0.00000000E+00      0.00000000E+00
      0.28253623E+07      0.10822515E+05      0.88040793E+12      0.88040793E+12      0.88040793E+12      0.00000000E+00      0.00000000E+00
      0.28580942E+07      0.10782376E+05      0.86931232E+12      0.86931232E+12      0.86931232E+12      0.00000000E+00      0.00000000E+00
      0.28908261E+07      0.10741651E+05      0.85812674E+12      0.85812674E+12      0.85812674E+12      0.00000000E+00      0.00000000E+00
      0.29235580E+07      0.10700337E+05      0.84685305E+12      0.84685305E+12      0.84685305E+12      0.00000000E+00      0.00000000E+00
      0.29562899E+07      0.10658429E+05      0.83549325E+12      0.83549325E+12      0.83549325E+12      0.00000000E+00      0.00000000E+00
      0.29890217E+07      0.10615922E+05      0.82404943E+12      0.82404943E+12      0.82404943E+12      0.00000000E+00      0.00000000E+00
      0.30217536E+07      0.10572813E+05      0.81252383E+12      0.81252383E+12      0.81252383E+12      0.00000000E+00      0.00000000E+00
      0.30544855E+07      0.10529095E+05      0.80091880E+12      0.80091880E+12      0.80091880E+12      0.00000000E+00      0.00000000E+00
      0.30872174E+07      0.10484766E+05      0.78923684E+12      0.78923684E+12      0.78923684E+12      0.00000000E+00      0.00000000E+00
      0.31199493E+07      0.10439820E+05      0.77748053E+12      0.77748053E+12      0.77748053E+12      0.00000000E+00      0.00000000E+00
      0.31526812E+07      0.10394253E+05      0.76565262E+12      0.76565262E+12      0.76565262E+12      0.00000000E+00      0.00000000E+00
      0.31854130E+07      0.10348061E+05      0.75375598E+12      0.75375598E+12      0.75375598E+12      0.00000000E+00      0.00000000E+00
      0.32181449E+07      0.10301239E+05      0.74179358E+12      0.74179358E+12      0.74179358E+12      0.00000000E+00      0.00000000E+00
      0.32508768E+07      0.10253782E+05      0.72976854E+12      0.72976854E+12      0.72976854E+12      0.00000000E+00      0.00000000E+00
      0.32836087E+07      0.10205686E+05      0.71768410E+12      0.71768410E+12      0.71768410E+12      0.00000000E+00      0.00000000E+00
      0.33163406E+07      0.10156946E+05      0.70554363E+12      0.70554363E+12      0.70554363E+12      0.00000000E+00      0.00000000E+00
      0.33490725E+07      0.10107559E+05      0.69335064E+12      0.69335064E+12      0.69335064E+12      0.00000000E+00      0.00000000E+00
      0.33818043E+07      0.10057519E+05      0.68110873E+12      0.68110873E+12      0.68110873E+12      0.00000000E+00      0.00000000E+00
      0.34145362E+07      0.10006822E+05      0.66882165E+12      0.66882165E+12      0.66882165E+12      0.00000000E+00      0.00000000E+00
      0.34472681E+07      0.99554630E+04      0.65649328E+12      0.65649328E+12      0.65649328E+12      0.00000000E+00      0.00000000E+00
      0.34800000E+07      0.99034384E+04      0.64412762E+12      0.64412762E+12      0.64412762E+12      0.00000000E+00      0.00000000E+00
      0.34800000E+07      0.55664554E+04      0.10473048E+13      0.10473048E+13      0.45976378E+12      0.29377051E+12      0.29377051E+12
      0.35300000E+07      0.55414153E+04      0.10407374E+13      0.10407374E+13      0.45575959E+12      0.29248891E+12      0.29248891E+12
      0.35800000E+07      0.55164253E+04      0.10342217E+13      0.10342217E+13      0.45181155E+12      0.29120509E+12      0.29120509E+12
      0.36300000E+07      0.54914766E+04      0.10277545E+13      0.10277545E+13      0.44791680E+12      0.28991886E+12      0.28991886E+12
      0.36300000E+07      0.54914766E+04      0.10277519E+13      0.10277519E+13      0.44792148E+12      0.28991520E+12      0.28991520E+12
      0.36628333E+07      0.54751117E+04      0.10187400E+13      0.10187400E+13      0.44302635E+12      0.28785682E+12      0.28785682E+12
      0.36956667E+07      0.54587583E+04      0.10098267E+13      0.10098267E+13      0.43819717E+12      0.28581476E+12      0.28581476E+12
      0.37285000E+07      0.54424137E+04      0.10010073E+13      0.10010073E+13      0.43343099E+12      0.28378816E+12      0.28378816E+12
      0.37613333E+07      0.54260755E+04      0.99227727E+12      0.99227727E+12      0.42872493E+12      0.28177617E+12      0.28177617E+12
      0.37941667E+07      0.54097411E+04      0.98363213E+12      0.98363213E+12      0.42407615E+12      0.27977799E+12      0.27977799E+12
      0.38270000E+07      0.53934080E+04      0.97506748E+12      0.97506748E+12      0.41948191E+12      0.27779279E+12      0.27779279E+12
      0.38598333E+07      0.53770736E+04      0.96657906E+12      0.96657906E+12      0.41493949E+12      0.27581978E+12      0.27581978E+12
      0.38926667E+07      0.53607355E+04      0.95816265E+12      0.95816265E+12      0.41044626E+12      0.27385819E+12      0.27385819E+12
      0.39255000E+07      0.53443911E+04      0.94981414E+12      0.94981414E+12      0.40599964E+12      0.27190725E+12      0.27190725E+12
      0.39583333E+07      0.53280379E+04      0.94152952E+12      0.94152952E+12      0.40159710E+12      0.26996621E+12      0.26996621E+12
      0.39911667E+07      0.53116733E+04      0.93330484E+12      0.93330484E+12      0.39723618E+12      0.26803433E+12      0.26803433E+12
      0.40240000E+07      0.52952948E+04      0.92513624E+12      0.92513624E+12      0.39291446E+12      0.26611089E+12      0.26611089E+12
      0.40568333E+07      0.52788999E+04      0.91701995E+12      0.91701995E+12      0.38862961E+12      0.26419517E+12      0.26419517E+12
      0.40896667E+07      0.52624860E+04      0.90895230E+12      0.90895230E+12      0.38437932E+12      0.26228649E+12      0.26228649E+12
      0.41225000E+07      0.52460507E+04      0.90092967E+12      0.90092967E+12      0.38016135E+12      0.26038416E+12      0.26038416E+12
      0.41553333E+07      0.52295913E+04      0.89294855E+12      0.89294855E+12      0.37597352E+12      0.25848751E+12      0.25848751E+12
      0.41881667E+07      0.52131054E+04      0.88500548E+12      0.88500548E+12      0.37181369E+12      0.25659589E+12      0.25659589E+12
      0.42210000E+07      0.51965904E+04      0.87709712E+12      0.87709712E+12      0.36767979E+12      0.25470866E+12      0.25470866E+12
      0.42538333E+07      0.51800439E+04      0.86922019E+12      0.86922019E+12      0.36356980E+12      0.25282520E+12      0.25282520E+12
      0.42866667E+07      0.51634632E+04      0.86137149E+12      0.86137149E+12      0.35948174E+12      0.25094488E+12      0.25094488E+12
      0.43195000E+07      0.51468458E+04      0.85354790E+12      0.85354790E+12      0.35541369E+12      0.24906710E+12      0.24906710E+12
      0.43523333E+07      0.51301893E+04      0.84574639E+12      0.84574639E+12      0.35136380E+12      0.24719129E+12      0.24719129E+12
      0.43851667E+07      0.51134910E+04      0.83796400E+12      0.83796400E+12      0.34733025E+12      0.24531687E+12      0.24531687E+12
      0.44180000E+07      0.50967485E+04      0.83019786E+12      0.83019786E+12      0.34331129E+12      0.24344329E+12      0.24344329E+12
      0.44508333E+07      0.50799592E+04      0.82244518E+12      0.82244518E+12      0.33930520E+12      0.24156999E+12      0.24156999E+12
      0.44836667E+07      0.50631206E+04      0.81470323E+12      0.81470323E+12      0.33531034E+12      0.23969644E+12      0.23969644E+12
      0.45165000E+07      0.50462302E+04      0.80696939E+12      0.80696939E+12      0.33132511E+12      0.23782214E+12      0.23782214E+12
      0.45493333E+07      0.50292853E+04      0.79924110E+12      0.79924110E+12      0.32734796E+12      0.23594657E+12      0.23594657E+12
      0.45821667E+07      0.50122836E+04      0.79151590E+12      0.79151590E+12      0.32337740E+12      0.23406925E+12      0.23406925E+12
      0.46150000E+07      0.49952225E+04      0.78379139E+12      0.78379139E+12      0.31941199E+12      0.23218970E+12      0.23218970E+12
      0.46478333E+07      0.49780994E+04      0.77606527E+12      0.77606527E+12      0.31545034E+12      0.23030747E+12      0.23030747E+12
      0.46806667E+07      0.49609118E+04      0.76833532E+12      0.76833532E+12      0.31149112E+12      0.22842210E+12      0.22842210E+12
      0.47135000E+07      0.49436572E+04      0.76059940E+12      0.76059940E+12      0.30753306E+12      0.22653317E+12      0.22653317E+12
      0.47463333E+07      0.49263330E+04      0.75285545E+12      0.75285545E+12      0.30357493E+12      0.22464026E+12      0.22464026E+12
      0.47791667E+07      0.49089368E+04      0.74510149E+12      0.74510149E+12      0.29961557E+12      0.22274296E+12      0.22274296E+12
      0.48120000E+07      0.48914659E+04      0.73733565E+12      0.73733565E+12      0.29565386E+12      0.22084090E+12      0.22084090E+12
      0.48448333E+07      0.48739179E+04      0.72955612E+12      0.72955612E+12      0.29168874E+12      0.21893369E+12      0.21893369E+12
      0.48776667E+07      0.48562902E+04      0.72176118E+12      0.72176118E+12      0.28771922E+12      0.21702098E+12      0.21702098E+12
      0.49105000E+07      0.48385804E+04      0.71394921E+12      0.71394921E+12      0.28374436E+12      0.21510243E+12      0.21510243E+12
      0.49433333E+07      0.48207858E+04      0.70611868E+12      0.70611868E+12      0.27976326E+12      0.21317771E+12      0.21317771E+12
      0.49761667E+07      0.48029039E+04      0.69826812E+12      0.69826812E+12      0.27577510E+12      0.21124651E+12      0.21124651E+12
      0.50090000E+07      0.47849323E+04      0.69039619E+12      0.69039619E+12      0.27177911E+12      0.20930854E+12      0.20930854E+12
      0.50418333E+07      0.47668683E+04      0.68250161E+12      0.68250161E+12      0.26777457E+12      0.20736352E+12      0.20736352E+12
      0.50746667E+07      0.47487095E+04      0.67458320E+12      0.67458320E+12      0.26376084E+12      0.20541118E+12      0.20541118E+12
      0.51075000E+07      0.47304533E+04      0.66663989E+12      0.66663989E+12      0.25973733E+12      0.20345128E+12      0.20345128E+12
      0.51403333E+07      0.47120972E+04      0.65867067E+12      0.65867067E+12      0.25570350E+12      0.20148359E+12      0.20148359E+12
      0.51731667E+07      0.46936386E+04      0.65067465E+12      0.65067465E+12      0.25165888E+12      0.19950789E+12      0.19950789E+12
      0.52060000E+07      0.46750751E+04      0.64265104E+12      0.64265104E+12      0.24760307E+12      0.19752398E+12      0.19752398E+12
      0.52388333E+07      0.46564041E+04      0.63459913E+12      0.63459913E+12      0.24353573E+12      0.19553170E+12      0.19553170E+12
      0.52716667E+07      0.46376230E+04      0.62651830E+12      0.62651830E+12      0.23945656E+12      0.19353087E+12      0.19353087E+12
      0.53045000E+07      0.46187294E+04      0.61840806E+12      0.61840806E+12      0.23536535E+12      0.19152135E+12      0.19152135E+12
      0.53373333E+07      0.45997207E+04      0.61026798E+12      0.61026798E+12      0.23126196E+12      0.18950301E+12      0.18950301E+12
      0.53701667E+07      0.45805944E+04      0.60209778E+12      0.60209778E+12      0.22714628E+12      0.18747575E+12      0.18747575E+12
      0.54030000E+07      0.45613479E+04      0.59389723E+12      0.59389723E+12      0.22301830E+12      0.18543947E+12      0.18543947E+12
      0.54358333E+07      0.45419787E+04      0.58566624E+12      0.58566624E+12      0.21887806E+12      0.18339409E+12      0.18339409E+12
      0.54686667E+07      0.45224844E+04      0.57740481E+12      0.57740481E+12      0.21472568E+12      0.18133956E+12      0.18133956E+12
      0.55015000E+07      0.45028623E+04      0.56911303E+12      0.56911303E+12      0.21056132E+12      0.17927585E+12      0.17927585E+12
      0.55343333E+07      0.44831099E+04      0.56079112E+12      0.56079112E+12      0.20638524E+12      0.17720294E+12      0.17720294E+12
      0.55671667E+07      0.44632247E+04      0.55243940E+12      0.55243940E+12      0.20219776E+12      0.17512082E+12      0.17512082E+12
      0.56000000E+07      0.44432042E+04      0.54405829E+12      0.54405829E+12      0.19799924E+12      0.17302952E+12      0.17302952E+12
      0.56000000E+07      0.44432042E+04      0.54405945E+12      0.54405945E+12      0.19798461E+12      0.17303742E+12      0.17303742E+12
      0.56505000E+07      0.44121413E+04      0.52502818E+12      0.52502818E+12      0.19745147E+12      0.16378836E+12      0.16378836E+12
      0.57010000E+07      0.43807430E+04      0.50637375E+12      0.50637375E+12      0.19670317E+12      0.15483529E+12      0.15483529E+12
      0.57010000E+07      0.39921213E+04      0.42074699E+12      0.42074699E+12      0.17301789E+12      0.12386455E+12      0.12386455E+12
      0.57710000E+07      0.39758206E+04      0.41022558E+12      0.41022558E+12      0.16828539E+12      0.12097010E+12      0.12097010E+12
      0.57710000E+07      0.39758204E+04      0.41023075E+12      0.41023075E+12      0.16829813E+12      0.12096631E+12      0.12096631E+12
      0.58110000E+07      0.39254057E+04      0.38886274E+12      0.38886274E+12      0.15999731E+12      0.11443272E+12      0.11443272E+12
      0.58510000E+07      0.38749910E+04      0.36823499E+12      0.36823499E+12      0.15196885E+12      0.10813307E+12      0.10813307E+12
      0.58910000E+07      0.38245763E+04      0.34833480E+12      0.34833480E+12      0.14420829E+12      0.10206326E+12      0.10206326E+12
      0.59310000E+07      0.37741616E+04      0.32914949E+12      0.32914949E+12      0.13671118E+12      0.96219157E+11      0.96219157E+11
      0.59710000E+07      0.37237469E+04      0.31066637E+12      0.31066637E+12      0.12947307E+12      0.90596649E+11      0.90596649E+11
      0.59710000E+07      0.35432636E+04      0.28099270E+12      0.28099270E+12      0.11976041E+12      0.80616142E+11      0.80616142E+11
      0.60160000E+07      0.35163914E+04      0.27346601E+12      0.27346601E+12      0.11556292E+12      0.78951549E+11      0.78951549E+11
      0.60610000E+07      0.34895193E+04      0.26607410E+12      0.26607410E+12      0.11145415E+12      0.77309977E+11      0.77309977E+11
      0.61060000E+07      0.34626471E+04      0.25881576E+12      0.25881576E+12      0.10743322E+12      0.75691268E+11      0.75691268E+11
      0.61510000E+07      0.34357750E+04      0.25168977E+12      0.25168977E+12      0.10349925E+12      0.74095261E+11      0.74095261E+11
      0.61510000E+07      0.33594904E+04      0.21762557E+12      0.20441508E+12      0.83102299E+11      0.66260031E+11      0.66116210E+11
      0.61976667E+07      0.33645621E+04      0.21978966E+12      0.20750828E+12      0.84054901E+11      0.66039149E+11      0.67472152E+11
      0.62443333E+07      0.33696339E+04      0.22196700E+12      0.21062872E+12      0.84925716E+11      0.65818078E+11      0.68843701E+11
      0.62910000E+07      0.33747056E+04      0.22415761E+12      0.21377648E+12      0.85714029E+11      0.65596822E+11      0.70230912E+11
      0.62910000E+07      0.33747056E+04      0.22415761E+12      0.21377648E+12      0.85714029E+11      0.65596822E+11      0.70230912E+11
      0.63466000E+07      0.33807482E+04      0.22678495E+12      0.21756259E+12      0.86544548E+11      0.65332975E+11      0.71904193E+11
      0.63466000E+07      0.29000000E+04      0.13409600E+12      0.13409600E+12      0.45878000E+11      0.44109000E+11      0.44109000E+11
      0.63560000E+07      0.29000000E+04      0.13409600E+12      0.13409600E+12      0.45878000E+11      0.44109000E+11      0.44109000E+11
      0.63560000E+07      0.26000000E+04      0.87464000E+11      0.87464000E+11      0.34216000E+11      0.26624000E+11      0.26624000E+11
      0.63680000E+07      0.26000000E+04      0.87464000E+11      0.87464000E+11      0.34216000E+11      0.26624000E+11      0.26624000E+11
      0.63680000E+07      0.10200000E+04      0.21445500E+10      0.21445500E+10      0.21445500E+10      0.00000000E+00      0.00000000E+00
      0.63710000E+07      0.10200000E+04      0.21445500E+10      0.21445500E+10      0.21445500E+10      0.00000000E+00      0.00000000E+00
